2, 2.46740638, 3558, 1442
3, 1.9744199881, 3319, 1681
4, 0.7211703959, 2095, 2905
5, 1.9922202274, 3329, 1671
6, 1.9638411381, 3313, 1687
7, 2.006614552, 3337, 1663
8, 2.46740638, 3558, 1442
9, 0.4956625785, 1657, 3343
10, 1.9868578256, 3326, 1674
11, 2.0175015088, 3343, 1657
12, 2.015681544, 3342, 1658
13, 2.0048076923, 3336, 1664
14, 2.0432136336, 3357, 1643
15, 2.0012004802, 3334, 1666
16, 0.0914647457, 419, 4581
17, 2.0120481928, 3340, 1660
18, 2.4746351633, 3561, 1439
19, 1.9726516052, 3318, 1682
20, 1.990430622, 3328, 1672
21, 2.0211480363, 3345, 1655
22, 1.9744199881, 3319, 1681
23, 2.0175015088, 3343, 1657
24, 1.9726516052, 3318, 1682
25, 0.5015015015, 1670, 3330
26, 1.9868578256, 3326, 1674
27, 1.9744199881, 3319, 1681
28, 2.0048076923, 3336, 1664
29, 2.0211480363, 3345, 1655
30, 1.990430622, 3328, 1672
31, 1.988643156, 3327, 1673
32, 2.46740638, 3558, 1442
33, 2.0175015088, 3343, 1657
34, 2.0674846626, 3370, 1630
35, 2.0175015088, 3343, 1657
36, 0.4992503748, 1665, 3335
37, 1.9976019185, 3332, 1668
38, 1.9958058718, 3331, 1669
39, 1.994011976, 3330, 1670
40, 2.0248033878, 3347, 1653
41, 2.0102347983, 3339, 1661
42, 2.0248033878, 3347, 1653
43, 1.9568302779, 3309, 1691
44, 1.9481132075, 3304, 1696
45, 1.965599051, 3314, 1686
46, 1.988643156, 3327, 1673
47, 2.0048076923, 3336, 1664
48, 1.9797377831, 3322, 1678
49, 0.49970006, 1666, 3334
50, 2.4411562285, 3547, 1453
51, 1.9568302779, 3309, 1691
52, 1.9922202274, 3329, 1671
53, 2.0376670717, 3354, 1646
54, 1.9761904762, 3320, 1680
55, 2.0303030303, 3350, 1650
56, 1.990430622, 3328, 1672
57, 2.0339805825, 3352, 1648
58, 2.0266343826, 3348, 1652
59, 1.994011976, 3330, 1670
60, 2.0138637734, 3341, 1659
61, 2.0487804878, 3360, 1640
62, 2.0193236715, 3344, 1656
63, 2.0450669915, 3358, 1642
64, 0.7211703959, 2095, 2905
65, 2.0248033878, 3347, 1653
66, 2.0525030525, 3362, 1638
67, 2.0266343826, 3348, 1652
68, 1.9568302779, 3309, 1691
69, 1.9550827423, 3308, 1692
70, 1.9850746269, 3325, 1675
71, 2.0376670717, 3354, 1646
72, 2.4482758621, 3550, 1450
73, 2.006614552, 3337, 1663
74, 2.0102347983, 3339, 1661
75, 2.0321406913, 3351, 1649
76, 1.9922202274, 3329, 1671
77, 1.937720329, 3298, 1702
78, 1.9550827423, 3308, 1692
79, 1.9429075927, 3301, 1699
80, 1.9832935561, 3324, 1676
81, 0.1987532966, 829, 4171
82, 2.035822708, 3353, 1647
83, 2.0303030303, 3350, 1650
84, 1.9744199881, 3319, 1681
85, 1.9411764706, 3300, 1700
86, 2.008423586, 3338, 1662
87, 2.015681544, 3342, 1658
88, 2.0321406913, 3351, 1649
89, 2.008423586, 3338, 1662
90, 1.99940012, 3333, 1667
91, 2.0193236715, 3344, 1656
92, 2.0248033878, 3347, 1653
93, 2.0048076923, 3336, 1664
94, 1.9832935561, 3324, 1676
95, 1.9308323564, 3294, 1706
96, 1.9744199881, 3319, 1681
97, 2.0138637734, 3341, 1659
98, 2.4506556246, 3551, 1449
99, 2.0175015088, 3343, 1657
100, 0.495215311, 1656, 3344
101, 2.0321406913, 3351, 1649
102, 1.9922202274, 3329, 1671
103, 1.9761904762, 3320, 1680
104, 2.008423586, 3338, 1662
105, 2.0413625304, 3356, 1644
106, 1.9533372711, 3307, 1693
107, 2.0487804878, 3360, 1640
108, 2.0048076923, 3336, 1664
109, 1.9958058718, 3331, 1669
110, 2.0102347983, 3339, 1661
111, 2.0303030303, 3350, 1650
112, 2.0048076923, 3336, 1664
113, 1.9498525074, 3305, 1695
114, 2.003003003, 3335, 1665
115, 1.9691211401, 3316, 1684
116, 2.0012004802, 3334, 1666
117, 2.0413625304, 3356, 1644
118, 1.994011976, 3330, 1670
119, 1.9638411381, 3313, 1687
120, 1.9850746269, 3325, 1675
121, 0.504211793, 1676, 3324
122, 1.9691211401, 3316, 1684
123, 1.9533372711, 3307, 1693
124, 2.0048076923, 3336, 1664
125, 1.9922202274, 3329, 1671
126, 1.99940012, 3333, 1667
127, 2.0211480363, 3345, 1655
128, 2.46740638, 3558, 1442
129, 1.9868578256, 3326, 1674
130, 2.0395136778, 3355, 1645
131, 2.015681544, 3342, 1658
132, 2.0248033878, 3347, 1653
133, 2.0921459493, 3383, 1617
134, 1.9481132075, 3304, 1696
135, 2.0012004802, 3334, 1666
136, 1.9958058718, 3331, 1669
137, 1.988643156, 3327, 1673
138, 1.9850746269, 3325, 1675
139, 1.9726516052, 3318, 1682
140, 2.006614552, 3337, 1663
141, 2.003003003, 3335, 1665
142, 2.0193236715, 3344, 1656
143, 1.9673590504, 3315, 1685
144, 0.495215311, 1656, 3344
145, 2.0193236715, 3344, 1656
146, 1.9868578256, 3326, 1674
147, 2.008423586, 3338, 1662
148, 1.9976019185, 3332, 1668
149, 1.988643156, 3327, 1673
150, 1.965599051, 3314, 1686
151, 2.0303030303, 3350, 1650
152, 1.9832935561, 3324, 1676
153, 2.003003003, 3335, 1665
154, 1.9691211401, 3316, 1684
155, 1.9815146094, 3323, 1677
156, 2.0266343826, 3348, 1652
157, 2.0506406345, 3361, 1639
158, 1.9515938607, 3306, 1694
159, 1.9585798817, 3310, 1690
160, 1.9868578256, 3326, 1674
161, 2.0193236715, 3344, 1656
162, 2.4554250173, 3553, 1447
163, 1.9515938607, 3306, 1694
164, 2.0102347983, 3339, 1661
165, 2.0506406345, 3361, 1639
166, 2.0376670717, 3354, 1646
167, 1.9274004684, 3292, 1708
168, 2.0048076923, 3336, 1664
169, 0.4956625785, 1657, 3343
170, 2.006614552, 3337, 1663
171, 1.9463759576, 3303, 1697
172, 1.9797377831, 3322, 1678
173, 2.035822708, 3353, 1647
174, 1.9832935561, 3324, 1676
175, 2.0321406913, 3351, 1649
176, 2.0138637734, 3341, 1659
177, 1.9832935561, 3324, 1676
178, 1.9744199881, 3319, 1681
179, 2.0284675954, 3349, 1651
180, 2.0284675954, 3349, 1651
181, 2.0012004802, 3334, 1666
182, 2.0395136778, 3355, 1645
183, 1.9638411381, 3313, 1687
184, 2.003003003, 3335, 1665
185, 2.0211480363, 3345, 1655
186, 2.0339805825, 3352, 1648
187, 1.9603315571, 3311, 1689
188, 2.0012004802, 3334, 1666
189, 1.99940012, 3333, 1667
190, 2.0469226082, 3359, 1641
191, 1.9779630733, 3321, 1679
192, 2.003003003, 3335, 1665
193, 2.0599755202, 3366, 1634
194, 1.9463759576, 3303, 1697
195, 2.0432136336, 3357, 1643
196, 0.500150015, 1667, 3333
197, 2.0339805825, 3352, 1648
198, 2.0248033878, 3347, 1653
199, 1.9550827423, 3308, 1692
200, 2.3921302578, 3526, 1474
201, 2.0175015088, 3343, 1657
202, 2.0102347983, 3339, 1661
203, 2.0487804878, 3360, 1640
204, 2.008423586, 3338, 1662
205, 1.9761904762, 3320, 1680
206, 1.9797377831, 3322, 1678
207, 2.0248033878, 3347, 1653
208, 2.0012004802, 3334, 1666
209, 1.9922202274, 3329, 1671
210, 1.9239766082, 3290, 1710
211, 1.9868578256, 3326, 1674
212, 1.994011976, 3330, 1670
213, 1.9481132075, 3304, 1696
214, 1.9603315571, 3311, 1689
215, 1.9797377831, 3322, 1678
216, 1.9638411381, 3313, 1687
217, 2.006614552, 3337, 1663
218, 1.9568302779, 3309, 1691
219, 1.965599051, 3314, 1686
220, 2.0211480363, 3345, 1655
221, 2.0432136336, 3357, 1643
222, 2.0102347983, 3339, 1661
223, 1.9797377831, 3322, 1678
224, 2.0525030525, 3362, 1638
225, 0.5105740181, 1690, 3310
226, 2.0211480363, 3345, 1655
227, 1.9411764706, 3300, 1700
228, 2.003003003, 3335, 1665
229, 1.9744199881, 3319, 1681
230, 2.0543677459, 3363, 1637
231, 1.965599051, 3314, 1686
232, 2.0211480363, 3345, 1655
233, 2.0321406913, 3351, 1649
234, 2.0506406345, 3361, 1639
235, 1.9815146094, 3323, 1677
236, 2.0211480363, 3345, 1655
237, 2.0303030303, 3350, 1650
238, 1.9446407538, 3302, 1698
239, 2.006614552, 3337, 1663
240, 1.99940012, 3333, 1667
241, 2.0120481928, 3340, 1660
242, 2.4153005464, 3536, 1464
243, 1.9744199881, 3319, 1681
244, 2.006614552, 3337, 1663
245, 2.0012004802, 3334, 1666
246, 1.9850746269, 3325, 1675
247, 1.9744199881, 3319, 1681
248, 2.0637254902, 3368, 1632
249, 1.9958058718, 3331, 1669
250, 2.0266343826, 3348, 1652
251, 1.9498525074, 3305, 1695
252, 1.9832935561, 3324, 1676
253, 2.008423586, 3338, 1662
254, 1.9239766082, 3290, 1710
255, 1.9797377831, 3322, 1678
256, 0.0460251046, 220, 4780
257, 1.9958058718, 3331, 1669
258, 2.0175015088, 3343, 1657
259, 1.9976019185, 3332, 1668
260, 2.022974607, 3346, 1654
261, 1.9976019185, 3332, 1668
262, 2.0450669915, 3358, 1642
263, 1.988643156, 3327, 1673
264, 1.9481132075, 3304, 1696
265, 2.0248033878, 3347, 1653
266, 2.0102347983, 3339, 1661
267, 2.0750307503, 3374, 1626
268, 2.0193236715, 3344, 1656
269, 1.9832935561, 3324, 1676
270, 1.9342723005, 3296, 1704
271, 1.9850746269, 3325, 1675
272, 2.0266343826, 3348, 1652
273, 2.0012004802, 3334, 1666
274, 1.9815146094, 3323, 1677
275, 2.0339805825, 3352, 1648
276, 1.9691211401, 3316, 1684
277, 2.022974607, 3346, 1654
278, 1.9673590504, 3315, 1685
279, 1.965599051, 3314, 1686
280, 1.9673590504, 3315, 1685
281, 1.9797377831, 3322, 1678
282, 2.015681544, 3342, 1658
283, 1.9291154071, 3293, 1707
284, 2.0102347983, 3339, 1661
285, 1.9761904762, 3320, 1680
286, 2.0048076923, 3336, 1664
287, 1.9958058718, 3331, 1669
288, 2.4602076125, 3555, 1445
289, 0.49298298, 1651, 3349
290, 2.003003003, 3335, 1665
291, 2.006614552, 3337, 1663
292, 2.008423586, 3338, 1662
293, 2.0211480363, 3345, 1655
294, 1.9429075927, 3301, 1699
295, 1.9779630733, 3321, 1679
296, 2.0284675954, 3349, 1651
297, 2.0543677459, 3363, 1637
298, 2.0395136778, 3355, 1645
299, 1.9922202274, 3329, 1671
300, 1.9850746269, 3325, 1675
301, 2.0321406913, 3351, 1649
302, 1.9515938607, 3306, 1694
303, 2.0321406913, 3351, 1649
304, 1.9638411381, 3313, 1687
305, 1.9832935561, 3324, 1676
306, 2.0266343826, 3348, 1652
307, 1.9832935561, 3324, 1676
308, 1.9850746269, 3325, 1675
309, 1.9429075927, 3301, 1699
310, 2.0469226082, 3359, 1641
311, 1.9850746269, 3325, 1675
312, 1.988643156, 3327, 1673
313, 2.0138637734, 3341, 1659
314, 1.9691211401, 3316, 1684
315, 2.0376670717, 3354, 1646
316, 1.99940012, 3333, 1667
317, 2.0048076923, 3336, 1664
318, 1.9708853238, 3317, 1683
319, 1.9429075927, 3301, 1699
320, 2.0012004802, 3334, 1666
321, 1.9922202274, 3329, 1671
322, 1.9394473839, 3299, 1701
323, 1.965599051, 3314, 1686
324, 0.725923369, 2103, 2897
325, 1.9797377831, 3322, 1678
326, 2.015681544, 3342, 1658
327, 1.9797377831, 3322, 1678
328, 2.0193236715, 3344, 1656
329, 1.990430622, 3328, 1672
330, 1.9726516052, 3318, 1682
331, 2.015681544, 3342, 1658
332, 1.9850746269, 3325, 1675
333, 2.006614552, 3337, 1663
334, 2.0487804878, 3360, 1640
335, 1.9922202274, 3329, 1671
336, 2.0175015088, 3343, 1657
337, 2.0211480363, 3345, 1655
338, 2.4364261168, 3545, 1455
339, 1.9797377831, 3322, 1678
340, 2.0175015088, 3343, 1657
341, 1.9744199881, 3319, 1681
342, 1.9550827423, 3308, 1692
343, 2.006614552, 3337, 1663
344, 1.9958058718, 3331, 1669
345, 2.0120481928, 3340, 1660
346, 2.0012004802, 3334, 1666
347, 2.0138637734, 3341, 1659
348, 1.9922202274, 3329, 1671
349, 2.0248033878, 3347, 1653
350, 1.9673590504, 3315, 1685
351, 1.990430622, 3328, 1672
352, 1.9832935561, 3324, 1676
353, 1.994011976, 3330, 1670
354, 1.9585798817, 3310, 1690
355, 1.9832935561, 3324, 1676
356, 1.9922202274, 3329, 1671
357, 2.0321406913, 3351, 1649
358, 1.9550827423, 3308, 1692
359, 1.9958058718, 3331, 1669
360, 2.0048076923, 3336, 1664
361, 0.4988009592, 1664, 3336
362, 1.965599051, 3314, 1686
363, 1.990430622, 3328, 1672
364, 2.022974607, 3346, 1654
365, 1.9673590504, 3315, 1685
366, 2.003003003, 3335, 1665
367, 1.9922202274, 3329, 1671
368, 2.022974607, 3346, 1654
369, 2.0120481928, 3340, 1660
370, 1.9359953024, 3297, 1703
371, 2.1094527363, 3392, 1608
372, 2.0211480363, 3345, 1655
373, 1.9797377831, 3322, 1678
374, 2.008423586, 3338, 1662
375, 1.9922202274, 3329, 1671
376, 1.9832935561, 3324, 1676
377, 1.9291154071, 3293, 1707
378, 2.0543677459, 3363, 1637
379, 1.9603315571, 3311, 1689
380, 1.9976019185, 3332, 1668
381, 1.9797377831, 3322, 1678
382, 1.9481132075, 3304, 1696
383, 1.9291154071, 3293, 1707
384, 1.9744199881, 3319, 1681
385, 2.0921459493, 3383, 1617
386, 2.0248033878, 3347, 1653
387, 1.9708853238, 3317, 1683
388, 1.9922202274, 3329, 1671
389, 2.022974607, 3346, 1654
390, 1.9850746269, 3325, 1675
391, 2.0048076923, 3336, 1664
392, 2.3944331297, 3527, 1473
393, 1.9922202274, 3329, 1671
394, 1.9429075927, 3301, 1699
395, 2.0321406913, 3351, 1649
396, 2.0138637734, 3341, 1659
397, 1.9515938607, 3306, 1694
398, 2.0266343826, 3348, 1652
399, 1.9568302779, 3309, 1691
400, 0.4974543276, 1661, 3339
401, 1.9274004684, 3292, 1708
402, 1.9429075927, 3301, 1699
403, 1.9498525074, 3305, 1695
404, 2.0432136336, 3357, 1643
405, 1.988643156, 3327, 1673
406, 1.994011976, 3330, 1670
407, 2.0450669915, 3358, 1642
408, 1.9922202274, 3329, 1671
409, 1.965599051, 3314, 1686
410, 1.9463759576, 3303, 1697
411, 1.9515938607, 3306, 1694
412, 2.003003003, 3335, 1665
413, 2.0102347983, 3339, 1661
414, 1.990430622, 3328, 1672
415, 2.0120481928, 3340, 1660
416, 2.003003003, 3335, 1665
417, 2.003003003, 3335, 1665
418, 2.0921459493, 3383, 1617
419, 1.99940012, 3333, 1667
420, 1.988643156, 3327, 1673
421, 2.0120481928, 3340, 1660
422, 2.1172069825, 3396, 1604
423, 1.9411764706, 3300, 1700
424, 1.9779630733, 3321, 1679
425, 1.99940012, 3333, 1667
426, 1.9761904762, 3320, 1680
427, 1.965599051, 3314, 1686
428, 2.0102347983, 3339, 1661
429, 2.0487804878, 3360, 1640
430, 1.9188558085, 3287, 1713
431, 2.0321406913, 3351, 1649
432, 1.9815146094, 3323, 1677
433, 2.015681544, 3342, 1658
434, 1.9120559115, 3283, 1717
435, 1.9603315571, 3311, 1689
436, 1.9797377831, 3322, 1678
437, 1.9256875366, 3291, 1709
438, 2.0175015088, 3343, 1657
439, 1.9429075927, 3301, 1699
440, 2.0266343826, 3348, 1652
441, 0.5015015015, 1670, 3330
442, 2.0120481928, 3340, 1660
443, 1.9958058718, 3331, 1669
444, 2.008423586, 3338, 1662
445, 2.0376670717, 3354, 1646
446, 2.0175015088, 3343, 1657
447, 1.9308323564, 3294, 1706
448, 2.008423586, 3338, 1662
449, 1.9922202274, 3329, 1671
450, 2.4199726402, 3538, 1462
451, 2.015681544, 3342, 1658
452, 1.9411764706, 3300, 1700
453, 2.003003003, 3335, 1665
454, 2.008423586, 3338, 1662
455, 1.9708853238, 3317, 1683
456, 2.0487804878, 3360, 1640
457, 2.0138637734, 3341, 1659
458, 2.0012004802, 3334, 1666
459, 1.9205607477, 3288, 1712
460, 1.988643156, 3327, 1673
461, 1.9922202274, 3329, 1671
462, 2.0506406345, 3361, 1639
463, 1.8768699655, 3262, 1738
464, 2.0248033878, 3347, 1653
465, 2.0413625304, 3356, 1644
466, 2.022974607, 3346, 1654
467, 2.0012004802, 3334, 1666
468, 1.9585798817, 3310, 1690
469, 1.9620853081, 3312, 1688
470, 2.0339805825, 3352, 1648
471, 2.006614552, 3337, 1663
472, 1.9137529138, 3284, 1716
473, 2.0102347983, 3339, 1661
474, 2.006614552, 3337, 1663
475, 1.9779630733, 3321, 1679
476, 1.9761904762, 3320, 1680
477, 2.0543677459, 3363, 1637
478, 2.0395136778, 3355, 1645
479, 1.9726516052, 3318, 1682
480, 1.9850746269, 3325, 1675
481, 1.9761904762, 3320, 1680
482, 2.0432136336, 3357, 1643
483, 1.9188558085, 3287, 1713
484, 0.500150015, 1667, 3333
485, 1.9779630733, 3321, 1679
486, 1.9761904762, 3320, 1680
487, 1.9342723005, 3296, 1704
488, 2.0395136778, 3355, 1645
489, 1.9868578256, 3326, 1674
490, 2.0376670717, 3354, 1646
491, 1.9394473839, 3299, 1701
492, 1.9691211401, 3316, 1684
493, 1.9103608847, 3282, 1718
494, 2.022974607, 3346, 1654
495, 2.0138637734, 3341, 1659
496, 1.9815146094, 3323, 1677
497, 2.008423586, 3338, 1662
498, 2.0248033878, 3347, 1653
499, 2.0581039755, 3365, 1635
500, 1.99940012, 3333, 1667
501, 1.937720329, 3298, 1702
502, 2.0211480363, 3345, 1655
503, 1.9394473839, 3299, 1701
504, 1.965599051, 3314, 1686
505, 2.0469226082, 3359, 1641
506, 1.9069767442, 3280, 1720
507, 1.99940012, 3333, 1667
508, 2.0376670717, 3354, 1646
509, 1.9832935561, 3324, 1676
510, 1.9832935561, 3324, 1676
511, 1.9638411381, 3313, 1687
512, 2.46740638, 3558, 1442
513, 2.008423586, 3338, 1662
514, 1.9103608847, 3282, 1718
515, 1.990430622, 3328, 1672
516, 2.0175015088, 3343, 1657
517, 1.9515938607, 3306, 1694
518, 2.0138637734, 3341, 1659
519, 1.9850746269, 3325, 1675
520, 2.0211480363, 3345, 1655
521, 2.0284675954, 3349, 1651
522, 1.9797377831, 3322, 1678
523, 2.0395136778, 3355, 1645
524, 1.9922202274, 3329, 1671
525, 2.0120481928, 3340, 1660
526, 2.061849357, 3367, 1633
527, 1.988643156, 3327, 1673
528, 2.0266343826, 3348, 1652
529, 0.5006002401, 1668, 3332
530, 1.990430622, 3328, 1672
531, 2.0211480363, 3345, 1655
532, 1.9922202274, 3329, 1671
533, 1.9958058718, 3331, 1669
534, 1.9222676797, 3289, 1711
535, 2.006614552, 3337, 1663
536, 2.0012004802, 3334, 1666
537, 1.9603315571, 3311, 1689
538, 2.0487804878, 3360, 1640
539, 1.9797377831, 3322, 1678
540, 2.0175015088, 3343, 1657
541, 2.0048076923, 3336, 1664
542, 1.990430622, 3328, 1672
543, 1.9515938607, 3306, 1694
544, 2.0432136336, 3357, 1643
545, 2.0048076923, 3336, 1664
546, 2.0432136336, 3357, 1643
547, 1.994011976, 3330, 1670
548, 1.9585798817, 3310, 1690
549, 2.0012004802, 3334, 1666
550, 1.9691211401, 3316, 1684
551, 2.0395136778, 3355, 1645
552, 1.9498525074, 3305, 1695
553, 2.0303030303, 3350, 1650
554, 2.0284675954, 3349, 1651
555, 1.9691211401, 3316, 1684
556, 2.0413625304, 3356, 1644
557, 2.0450669915, 3358, 1642
558, 2.0450669915, 3358, 1642
559, 1.9394473839, 3299, 1701
560, 2.0175015088, 3343, 1657
561, 1.9868578256, 3326, 1674
562, 2.008423586, 3338, 1662
563, 1.988643156, 3327, 1673
564, 1.9533372711, 3307, 1693
565, 2.0012004802, 3334, 1666
566, 2.0506406345, 3361, 1639
567, 2.0012004802, 3334, 1666
568, 2.0266343826, 3348, 1652
569, 2.0712530713, 3372, 1628
570, 2.0599755202, 3366, 1634
571, 2.0469226082, 3359, 1641
572, 2.006614552, 3337, 1663
573, 2.0102347983, 3339, 1661
574, 1.9673590504, 3315, 1685
575, 1.9850746269, 3325, 1675
576, 0.494321578, 1654, 3346
577, 2.0712530713, 3372, 1628
578, 2.4340659341, 3544, 1456
579, 2.0193236715, 3344, 1656
580, 1.9832935561, 3324, 1676
581, 2.003003003, 3335, 1665
582, 1.9620853081, 3312, 1688
583, 1.9620853081, 3312, 1688
584, 1.9446407538, 3302, 1698
585, 2.008423586, 3338, 1662
586, 2.0048076923, 3336, 1664
587, 1.9797377831, 3322, 1678
588, 2.008423586, 3338, 1662
589, 1.9850746269, 3325, 1675
590, 2.003003003, 3335, 1665
591, 2.0321406913, 3351, 1649
592, 2.006614552, 3337, 1663
593, 1.9815146094, 3323, 1677
594, 1.9744199881, 3319, 1681
595, 1.9797377831, 3322, 1678
596, 2.0303030303, 3350, 1650
597, 2.0211480363, 3345, 1655
598, 2.0432136336, 3357, 1643
599, 1.9850746269, 3325, 1675
600, 2.0175015088, 3343, 1657
601, 2.0048076923, 3336, 1664
602, 1.9708853238, 3317, 1683
603, 2.0469226082, 3359, 1641
604, 1.9832935561, 3324, 1676
605, 1.9976019185, 3332, 1668
606, 1.9779630733, 3321, 1679
607, 2.0211480363, 3345, 1655
608, 1.9922202274, 3329, 1671
609, 2.0303030303, 3350, 1650
610, 1.9832935561, 3324, 1676
611, 2.0432136336, 3357, 1643
612, 2.0012004802, 3334, 1666
613, 1.990430622, 3328, 1672
614, 1.988643156, 3327, 1673
615, 2.0376670717, 3354, 1646
616, 2.0102347983, 3339, 1661
617, 1.9744199881, 3319, 1681
618, 2.003003003, 3335, 1665
619, 1.9325513196, 3295, 1705
620, 2.0102347983, 3339, 1661
621, 1.9744199881, 3319, 1681
622, 1.99940012, 3333, 1667
623, 1.9498525074, 3305, 1695
624, 1.9708853238, 3317, 1683
625, 0.2033694344, 845, 4155
626, 2.0048076923, 3336, 1664
627, 1.9815146094, 3323, 1677
628, 1.9779630733, 3321, 1679
629, 2.0562347188, 3364, 1636
630, 1.994011976, 3330, 1670
631, 1.9533372711, 3307, 1693
632, 1.965599051, 3314, 1686
633, 1.9815146094, 3323, 1677
634, 2.0048076923, 3336, 1664
635, 2.003003003, 3335, 1665
636, 1.9638411381, 3313, 1687
637, 1.9744199881, 3319, 1681
638, 2.0012004802, 3334, 1666
639, 1.9585798817, 3310, 1690
640, 2.015681544, 3342, 1658
641, 2.035822708, 3353, 1647
642, 2.0339805825, 3352, 1648
643, 2.0581039755, 3365, 1635
644, 2.0048076923, 3336, 1664
645, 2.0376670717, 3354, 1646
646, 2.0266343826, 3348, 1652
647, 2.0413625304, 3356, 1644
648, 2.4317089911, 3543, 1457
649, 2.008423586, 3338, 1662
650, 2.0506406345, 3361, 1639
651, 1.99940012, 3333, 1667
652, 2.0266343826, 3348, 1652
653, 1.9411764706, 3300, 1700
654, 2.008423586, 3338, 1662
655, 1.965599051, 3314, 1686
656, 1.99940012, 3333, 1667
657, 2.0175015088, 3343, 1657
658, 1.9832935561, 3324, 1676
659, 2.0211480363, 3345, 1655
660, 2.0266343826, 3348, 1652
661, 1.9550827423, 3308, 1692
662, 1.9691211401, 3316, 1684
663, 2.0562347188, 3364, 1636
664, 2.0012004802, 3334, 1666
665, 2.0175015088, 3343, 1657
666, 2.0599755202, 3366, 1634
667, 2.0211480363, 3345, 1655
668, 1.9815146094, 3323, 1677
669, 2.0248033878, 3347, 1653
670, 1.9585798817, 3310, 1690
671, 1.9481132075, 3304, 1696
672, 2.0506406345, 3361, 1639
673, 1.9976019185, 3332, 1668
674, 1.9411764706, 3300, 1700
675, 2.0193236715, 3344, 1656
676, 0.4898688915, 1644, 3356
677, 1.9036004646, 3278, 1722
678, 1.9726516052, 3318, 1682
679, 1.9726516052, 3318, 1682
680, 2.015681544, 3342, 1658
681, 1.9585798817, 3310, 1690
682, 2.0284675954, 3349, 1651
683, 2.0599755202, 3366, 1634
684, 2.008423586, 3338, 1662
685, 1.9868578256, 3326, 1674
686, 1.994011976, 3330, 1670
687, 2.006614552, 3337, 1663
688, 1.9603315571, 3311, 1689
689, 1.994011976, 3330, 1670
690, 1.9868578256, 3326, 1674
691, 1.9222676797, 3289, 1711
692, 2.0432136336, 3357, 1643
693, 1.9256875366, 3291, 1709
694, 2.022974607, 3346, 1654
695, 2.0637254902, 3368, 1632
696, 2.0120481928, 3340, 1660
697, 2.008423586, 3338, 1662
698, 2.0193236715, 3344, 1656
699, 2.035822708, 3353, 1647
700, 1.9976019185, 3332, 1668
701, 2.0012004802, 3334, 1666
702, 1.9446407538, 3302, 1698
703, 2.0998140112, 3387, 1613
704, 1.9673590504, 3315, 1685
705, 1.9498525074, 3305, 1695
706, 1.9779630733, 3321, 1679
707, 1.9274004684, 3292, 1708
708, 1.9394473839, 3299, 1701
709, 2.015681544, 3342, 1658
710, 1.9673590504, 3315, 1685
711, 2.0138637734, 3341, 1659
712, 1.9761904762, 3320, 1680
713, 2.0266343826, 3348, 1652
714, 1.9620853081, 3312, 1688
715, 1.9850746269, 3325, 1675
716, 2.0284675954, 3349, 1651
717, 1.9815146094, 3323, 1677
718, 1.9411764706, 3300, 1700
719, 1.9568302779, 3309, 1691
720, 1.9673590504, 3315, 1685
721, 2.0376670717, 3354, 1646
722, 2.4317089911, 3543, 1457
723, 2.0637254902, 3368, 1632
724, 1.9069767442, 3280, 1720
725, 2.008423586, 3338, 1662
726, 2.008423586, 3338, 1662
727, 1.9744199881, 3319, 1681
728, 1.9708853238, 3317, 1683
729, 0.4956625785, 1657, 3343
730, 2.022974607, 3346, 1654
731, 1.9797377831, 3322, 1678
732, 1.9726516052, 3318, 1682
733, 1.9708853238, 3317, 1683
734, 2.0048076923, 3336, 1664
735, 2.022974607, 3346, 1654
736, 2.003003003, 3335, 1665
737, 1.988643156, 3327, 1673
738, 2.0543677459, 3363, 1637
739, 1.9922202274, 3329, 1671
740, 1.9922202274, 3329, 1671
741, 2.0012004802, 3334, 1666
742, 1.9308323564, 3294, 1706
743, 1.9515938607, 3306, 1694
744, 2.0175015088, 3343, 1657
745, 1.9691211401, 3316, 1684
746, 1.9673590504, 3315, 1685
747, 1.9797377831, 3322, 1678
748, 1.9976019185, 3332, 1668
749, 1.9850746269, 3325, 1675
750, 1.99940012, 3333, 1667
751, 2.0487804878, 3360, 1640
752, 1.988643156, 3327, 1673
753, 2.0807147258, 3377, 1623
754, 1.9550827423, 3308, 1692
755, 1.9673590504, 3315, 1685
756, 2.008423586, 3338, 1662
757, 2.0102347983, 3339, 1661
758, 2.0731407498, 3373, 1627
759, 2.0211480363, 3345, 1655
760, 1.9797377831, 3322, 1678
761, 2.0193236715, 3344, 1656
762, 2.0120481928, 3340, 1660
763, 1.99940012, 3333, 1667
764, 2.0211480363, 3345, 1655
765, 2.0175015088, 3343, 1657
766, 2.0266343826, 3348, 1652
767, 2.0562347188, 3364, 1636
768, 1.9815146094, 3323, 1677
769, 1.9779630733, 3321, 1679
770, 2.0284675954, 3349, 1651
771, 2.0102347983, 3339, 1661
772, 2.0138637734, 3341, 1659
773, 1.9481132075, 3304, 1696
774, 1.9779630733, 3321, 1679
775, 2.0120481928, 3340, 1660
776, 1.9708853238, 3317, 1683
777, 1.9446407538, 3302, 1698
778, 1.9550827423, 3308, 1692
779, 1.9411764706, 3300, 1700
780, 2.0248033878, 3347, 1653
781, 2.0321406913, 3351, 1649
782, 1.9585798817, 3310, 1690
783, 2.0321406913, 3351, 1649
784, 0.4961101137, 1658, 3342
785, 2.0506406345, 3361, 1639
786, 1.9832935561, 3324, 1676
787, 1.9274004684, 3292, 1708
788, 1.9726516052, 3318, 1682
789, 2.0138637734, 3341, 1659
790, 1.9815146094, 3323, 1677
791, 1.9726516052, 3318, 1682
792, 1.994011976, 3330, 1670
793, 1.9779630733, 3321, 1679
794, 2.0303030303, 3350, 1650
795, 1.9052876235, 3279, 1721
796, 2.008423586, 3338, 1662
797, 1.9797377831, 3322, 1678
798, 1.9463759576, 3303, 1697
799, 1.9188558085, 3287, 1713
800, 2.4387895461, 3546, 1454
801, 2.0211480363, 3345, 1655
802, 2.006614552, 3337, 1663
803, 2.0175015088, 3343, 1657
804, 1.9638411381, 3313, 1687
805, 1.9498525074, 3305, 1695
806, 1.9815146094, 3323, 1677
807, 1.9797377831, 3322, 1678
808, 1.9411764706, 3300, 1700
809, 1.9850746269, 3325, 1675
810, 1.9761904762, 3320, 1680
811, 1.9533372711, 3307, 1693
812, 2.1055900621, 3390, 1610
813, 1.9797377831, 3322, 1678
814, 2.0674846626, 3370, 1630
815, 2.0562347188, 3364, 1636
816, 1.9691211401, 3316, 1684
817, 2.0102347983, 3339, 1661
818, 1.9868578256, 3326, 1674
819, 1.9868578256, 3326, 1674
820, 1.994011976, 3330, 1670
821, 1.9958058718, 3331, 1669
822, 1.990430622, 3328, 1672
823, 2.0120481928, 3340, 1660
824, 1.9550827423, 3308, 1692
825, 1.9922202274, 3329, 1671
826, 2.0211480363, 3345, 1655
827, 1.9342723005, 3296, 1704
828, 1.988643156, 3327, 1673
829, 2.0321406913, 3351, 1649
830, 2.006614552, 3337, 1663
831, 2.035822708, 3353, 1647
832, 2.0012004802, 3334, 1666
833, 1.9832935561, 3324, 1676
834, 1.9673590504, 3315, 1685
835, 1.9673590504, 3315, 1685
836, 1.9761904762, 3320, 1680
837, 2.0193236715, 3344, 1656
838, 1.9673590504, 3315, 1685
839, 2.0138637734, 3341, 1659
840, 1.9708853238, 3317, 1683
841, 0.5019525383, 1671, 3329
842, 2.0525030525, 3362, 1638
843, 1.9603315571, 3311, 1689
844, 2.0012004802, 3334, 1666
845, 1.9850746269, 3325, 1675
846, 2.003003003, 3335, 1665
847, 1.9691211401, 3316, 1684
848, 2.0321406913, 3351, 1649
849, 1.965599051, 3314, 1686
850, 1.9976019185, 3332, 1668
851, 1.9850746269, 3325, 1675
852, 1.9222676797, 3289, 1711
853, 2.0266343826, 3348, 1652
854, 1.988643156, 3327, 1673
855, 1.9239766082, 3290, 1710
856, 2.0469226082, 3359, 1641
857, 1.9638411381, 3313, 1687
858, 1.99940012, 3333, 1667
859, 1.9603315571, 3311, 1689
860, 2.008423586, 3338, 1662
861, 1.9744199881, 3319, 1681
862, 1.9550827423, 3308, 1692
863, 1.9868578256, 3326, 1674
864, 1.9761904762, 3320, 1680
865, 2.0048076923, 3336, 1664
866, 1.9498525074, 3305, 1695
867, 2.0303030303, 3350, 1650
868, 1.9868578256, 3326, 1674
869, 1.9585798817, 3310, 1690
870, 2.0543677459, 3363, 1637
871, 1.988643156, 3327, 1673
872, 2.003003003, 3335, 1665
873, 2.0048076923, 3336, 1664
874, 1.9761904762, 3320, 1680
875, 1.988643156, 3327, 1673
876, 1.9958058718, 3331, 1669
877, 1.988643156, 3327, 1673
878, 1.994011976, 3330, 1670
879, 1.965599051, 3314, 1686
880, 2.0284675954, 3349, 1651
881, 1.9850746269, 3325, 1675
882, 2.4482758621, 3550, 1450
883, 2.0376670717, 3354, 1646
884, 1.9815146094, 3323, 1677
885, 1.9533372711, 3307, 1693
886, 2.015681544, 3342, 1658
887, 1.965599051, 3314, 1686
888, 2.008423586, 3338, 1662
889, 1.9958058718, 3331, 1669
890, 2.0266343826, 3348, 1652
891, 2.0469226082, 3359, 1641
892, 2.008423586, 3338, 1662
893, 1.9359953024, 3297, 1703
894, 2.022974607, 3346, 1654
895, 1.965599051, 3314, 1686
896, 1.9797377831, 3322, 1678
897, 2.0321406913, 3351, 1649
898, 1.9446407538, 3302, 1698
899, 2.0395136778, 3355, 1645
900, 0.4956625785, 1657, 3343
901, 1.9815146094, 3323, 1677
902, 1.9052876235, 3279, 1721
903, 2.0266343826, 3348, 1652
904, 1.9411764706, 3300, 1700
905, 1.9815146094, 3323, 1677
906, 2.008423586, 3338, 1662
907, 2.0303030303, 3350, 1650
908, 1.9359953024, 3297, 1703
909, 2.0432136336, 3357, 1643
910, 1.9533372711, 3307, 1693
911, 2.0432136336, 3357, 1643
912, 2.0339805825, 3352, 1648
913, 2.015681544, 3342, 1658
914, 1.937720329, 3298, 1702
915, 1.9515938607, 3306, 1694
916, 1.9922202274, 3329, 1671
917, 2.006614552, 3337, 1663
918, 2.008423586, 3338, 1662
919, 2.0562347188, 3364, 1636
920, 1.9815146094, 3323, 1677
921, 1.9976019185, 3332, 1668
922, 1.9850746269, 3325, 1675
923, 1.885170225, 3267, 1733
924, 1.9585798817, 3310, 1690
925, 1.9976019185, 3332, 1668
926, 1.9256875366, 3291, 1709
927, 1.9568302779, 3309, 1691
928, 2.0266343826, 3348, 1652
929, 1.9463759576, 3303, 1697
930, 1.9620853081, 3312, 1688
931, 1.990430622, 3328, 1672
932, 2.006614552, 3337, 1663
933, 2.006614552, 3337, 1663
934, 1.9922202274, 3329, 1671
935, 1.99940012, 3333, 1667
936, 2.0175015088, 3343, 1657
937, 1.9850746269, 3325, 1675
938, 2.008423586, 3338, 1662
939, 1.9481132075, 3304, 1696
940, 1.9761904762, 3320, 1680
941, 2.008423586, 3338, 1662
942, 1.9691211401, 3316, 1684
943, 2.0120481928, 3340, 1660
944, 1.988643156, 3327, 1673
945, 2.0012004802, 3334, 1666
946, 2.015681544, 3342, 1658
947, 2.0731407498, 3373, 1627
948, 1.9797377831, 3322, 1678
949, 2.0266343826, 3348, 1652
950, 1.9850746269, 3325, 1675
951, 1.9850746269, 3325, 1675
952, 1.9429075927, 3301, 1699
953, 1.9744199881, 3319, 1681
954, 1.965599051, 3314, 1686
955, 2.0138637734, 3341, 1659
956, 2.0102347983, 3339, 1661
957, 2.0102347983, 3339, 1661
958, 2.008423586, 3338, 1662
959, 2.0193236715, 3344, 1656
960, 1.9958058718, 3331, 1669
961, 0.497005988, 1660, 3340
962, 1.9585798817, 3310, 1690
963, 1.990430622, 3328, 1672
964, 1.965599051, 3314, 1686
965, 1.9726516052, 3318, 1682
966, 1.9120559115, 3283, 1717
967, 1.9976019185, 3332, 1668
968, 2.4364261168, 3545, 1455
969, 2.008423586, 3338, 1662
970, 1.9708853238, 3317, 1683
971, 2.0693677103, 3371, 1629
972, 2.0211480363, 3345, 1655
973, 1.9744199881, 3319, 1681
974, 1.9394473839, 3299, 1701
975, 1.9726516052, 3318, 1682
976, 2.0525030525, 3362, 1638
977, 1.9761904762, 3320, 1680
978, 1.9744199881, 3319, 1681
979, 1.9708853238, 3317, 1683
980, 1.990430622, 3328, 1672
981, 2.0284675954, 3349, 1651
982, 1.9850746269, 3325, 1675
983, 1.9205607477, 3288, 1712
984, 1.994011976, 3330, 1670
985, 2.003003003, 3335, 1665
986, 1.9411764706, 3300, 1700
987, 1.9815146094, 3323, 1677
988, 1.9446407538, 3302, 1698
989, 2.035822708, 3353, 1647
990, 2.0339805825, 3352, 1648
991, 2.0339805825, 3352, 1648
992, 2.0012004802, 3334, 1666
993, 1.9515938607, 3306, 1694
994, 1.988643156, 3327, 1673
995, 2.0193236715, 3344, 1656
996, 1.9850746269, 3325, 1675
997, 1.9673590504, 3315, 1685
998, 2.0211480363, 3345, 1655
999, 1.994011976, 3330, 1670
1000, 1.9868578256, 3326, 1674
1001, 1.9850746269, 3325, 1675
1002, 2.0175015088, 3343, 1657
1003, 2.0211480363, 3345, 1655
1004, 1.9394473839, 3299, 1701
1005, 2.0048076923, 3336, 1664
1006, 2.0138637734, 3341, 1659
1007, 1.9308323564, 3294, 1706
1008, 2.0376670717, 3354, 1646
1009, 1.9708853238, 3317, 1683
1010, 1.9832935561, 3324, 1676
1011, 2.0450669915, 3358, 1642
1012, 1.9976019185, 3332, 1668
1013, 1.9620853081, 3312, 1688
1014, 1.9673590504, 3315, 1685
1015, 1.9463759576, 3303, 1697
1016, 2.006614552, 3337, 1663
1017, 1.9726516052, 3318, 1682
1018, 1.990430622, 3328, 1672
1019, 2.0303030303, 3350, 1650
1020, 2.0525030525, 3362, 1638
1021, 1.9868578256, 3326, 1674
1022, 1.9359953024, 3297, 1703
1023, 1.9638411381, 3313, 1687
1024, 0.7211703959, 2095, 2905
1025, 2.006614552, 3337, 1663
1026, 1.99940012, 3333, 1667
1027, 2.0637254902, 3368, 1632
1028, 1.9815146094, 3323, 1677
1029, 2.0175015088, 3343, 1657
1030, 1.9958058718, 3331, 1669
1031, 1.9498525074, 3305, 1695
1032, 1.9958058718, 3331, 1669
1033, 2.0581039755, 3365, 1635
1034, 1.9585798817, 3310, 1690
1035, 1.9691211401, 3316, 1684
1036, 2.0175015088, 3343, 1657
1037, 1.988643156, 3327, 1673
1038, 1.965599051, 3314, 1686
1039, 1.9691211401, 3316, 1684
1040, 2.015681544, 3342, 1658
1041, 2.0807147258, 3377, 1623
1042, 2.006614552, 3337, 1663
1043, 2.0413625304, 3356, 1644
1044, 1.9761904762, 3320, 1680
1045, 1.9086678301, 3281, 1719
1046, 1.99940012, 3333, 1667
1047, 1.9868578256, 3326, 1674
1048, 2.0120481928, 3340, 1660
1049, 2.0321406913, 3351, 1649
1050, 1.9708853238, 3317, 1683
1051, 2.0266343826, 3348, 1652
1052, 2.0284675954, 3349, 1651
1053, 2.015681544, 3342, 1658
1054, 2.0303030303, 3350, 1650
1055, 1.9120559115, 3283, 1717
1056, 2.0731407498, 3373, 1627
1057, 2.003003003, 3335, 1665
1058, 2.4387895461, 3546, 1454
1059, 1.99940012, 3333, 1667
1060, 2.0102347983, 3339, 1661
1061, 1.9797377831, 3322, 1678
1062, 1.937720329, 3298, 1702
1063, 1.9958058718, 3331, 1669
1064, 2.0376670717, 3354, 1646
1065, 2.022974607, 3346, 1654
1066, 1.9550827423, 3308, 1692
1067, 2.0769230769, 3375, 1625
1068, 1.9958058718, 3331, 1669
1069, 1.9726516052, 3318, 1682
1070, 2.0193236715, 3344, 1656
1071, 1.9256875366, 3291, 1709
1072, 2.0266343826, 3348, 1652
1073, 1.9603315571, 3311, 1689
1074, 2.008423586, 3338, 1662
1075, 1.9958058718, 3331, 1669
1076, 1.9239766082, 3290, 1710
1077, 1.9394473839, 3299, 1701
1078, 2.003003003, 3335, 1665
1079, 1.9325513196, 3295, 1705
1080, 1.9868578256, 3326, 1674
1081, 2.015681544, 3342, 1658
1082, 1.9976019185, 3332, 1668
1083, 1.9797377831, 3322, 1678
1084, 1.9429075927, 3301, 1699
1085, 2.0211480363, 3345, 1655
1086, 1.9850746269, 3325, 1675
1087, 1.9342723005, 3296, 1704
1088, 1.9744199881, 3319, 1681
1089, 0.4956625785, 1657, 3343
1090, 1.937720329, 3298, 1702
1091, 1.988643156, 3327, 1673
1092, 1.9726516052, 3318, 1682
1093, 2.006614552, 3337, 1663
1094, 1.9779630733, 3321, 1679
1095, 2.003003003, 3335, 1665
1096, 1.9797377831, 3322, 1678
1097, 2.0048076923, 3336, 1664
1098, 2.0248033878, 3347, 1653
1099, 1.990430622, 3328, 1672
1100, 2.0175015088, 3343, 1657
1101, 1.9620853081, 3312, 1688
1102, 1.994011976, 3330, 1670
1103, 2.061849357, 3367, 1633
1104, 1.9585798817, 3310, 1690
1105, 2.0193236715, 3344, 1656
1106, 2.0321406913, 3351, 1649
1107, 1.9205607477, 3288, 1712
1108, 2.008423586, 3338, 1662
1109, 2.0120481928, 3340, 1660
1110, 2.0506406345, 3361, 1639
1111, 2.065603924, 3369, 1631
1112, 1.965599051, 3314, 1686
1113, 1.9976019185, 3332, 1668
1114, 2.0120481928, 3340, 1660
1115, 2.015681544, 3342, 1658
1116, 2.0211480363, 3345, 1655
1117, 2.008423586, 3338, 1662
1118, 1.9137529138, 3284, 1716
1119, 2.0376670717, 3354, 1646
1120, 1.9976019185, 3332, 1668
1121, 2.0562347188, 3364, 1636
1122, 1.9976019185, 3332, 1668
1123, 2.0506406345, 3361, 1639
1124, 1.9958058718, 3331, 1669
1125, 1.9691211401, 3316, 1684
1126, 1.99940012, 3333, 1667
1127, 2.0339805825, 3352, 1648
1128, 2.0211480363, 3345, 1655
1129, 2.0284675954, 3349, 1651
1130, 2.0599755202, 3366, 1634
1131, 1.9761904762, 3320, 1680
1132, 1.9850746269, 3325, 1675
1133, 1.9342723005, 3296, 1704
1134, 2.0376670717, 3354, 1646
1135, 1.9708853238, 3317, 1683
1136, 2.0469226082, 3359, 1641
1137, 1.9708853238, 3317, 1683
1138, 2.0469226082, 3359, 1641
1139, 1.9958058718, 3331, 1669
1140, 1.9779630733, 3321, 1679
1141, 1.99940012, 3333, 1667
1142, 1.9603315571, 3311, 1689
1143, 2.0048076923, 3336, 1664
1144, 1.9638411381, 3313, 1687
1145, 2.0693677103, 3371, 1629
1146, 2.006614552, 3337, 1663
1147, 1.9673590504, 3315, 1685
1148, 2.0506406345, 3361, 1639
1149, 2.0048076923, 3336, 1664
1150, 2.015681544, 3342, 1658
1151, 1.9498525074, 3305, 1695
1152, 2.4340659341, 3544, 1456
1153, 2.015681544, 3342, 1658
1154, 2.0248033878, 3347, 1653
1155, 2.0266343826, 3348, 1652
1156, 0.5006002401, 1668, 3332
1157, 1.9976019185, 3332, 1668
1158, 1.965599051, 3314, 1686
1159, 1.9673590504, 3315, 1685
1160, 2.0543677459, 3363, 1637
1161, 2.0175015088, 3343, 1657
1162, 2.015681544, 3342, 1658
1163, 2.0102347983, 3339, 1661
1164, 1.9744199881, 3319, 1681
1165, 1.994011976, 3330, 1670
1166, 1.9533372711, 3307, 1693
1167, 1.9446407538, 3302, 1698
1168, 2.0012004802, 3334, 1666
1169, 1.9958058718, 3331, 1669
1170, 2.0487804878, 3360, 1640
1171, 1.9779630733, 3321, 1679
1172, 1.988643156, 3327, 1673
1173, 2.061849357, 3367, 1633
1174, 1.9533372711, 3307, 1693
1175, 1.9726516052, 3318, 1682
1176, 1.9761904762, 3320, 1680
1177, 2.065603924, 3369, 1631
1178, 1.988643156, 3327, 1673
1179, 1.9638411381, 3313, 1687
1180, 2.0048076923, 3336, 1664
1181, 2.0321406913, 3351, 1649
1182, 2.0432136336, 3357, 1643
1183, 2.0102347983, 3339, 1661
1184, 2.0303030303, 3350, 1650
1185, 2.078817734, 3376, 1624
1186, 1.9394473839, 3299, 1701
1187, 2.0693677103, 3371, 1629
1188, 2.0138637734, 3341, 1659
1189, 1.9620853081, 3312, 1688
1190, 1.9411764706, 3300, 1700
1191, 1.9958058718, 3331, 1669
1192, 1.9815146094, 3323, 1677
1193, 1.965599051, 3314, 1686
1194, 1.9815146094, 3323, 1677
1195, 2.008423586, 3338, 1662
1196, 2.0303030303, 3350, 1650
1197, 2.0248033878, 3347, 1653
1198, 1.9922202274, 3329, 1671
1199, 1.9291154071, 3293, 1707
1200, 2.0284675954, 3349, 1651
1201, 2.0175015088, 3343, 1657
1202, 1.9797377831, 3322, 1678
1203, 1.994011976, 3330, 1670
1204, 1.9868578256, 3326, 1674
1205, 1.9832935561, 3324, 1676
1206, 1.9850746269, 3325, 1675
1207, 1.9620853081, 3312, 1688
1208, 1.8985507246, 3275, 1725
1209, 1.990430622, 3328, 1672
1210, 2.0120481928, 3340, 1660
1211, 1.9411764706, 3300, 1700
1212, 2.0599755202, 3366, 1634
1213, 1.9815146094, 3323, 1677
1214, 1.9958058718, 3331, 1669
1215, 2.0376670717, 3354, 1646
1216, 1.988643156, 3327, 1673
1217, 2.008423586, 3338, 1662
1218, 1.9515938607, 3306, 1694
1219, 2.0048076923, 3336, 1664
1220, 1.990430622, 3328, 1672
1221, 1.9976019185, 3332, 1668
1222, 2.0284675954, 3349, 1651
1223, 1.9603315571, 3311, 1689
1224, 2.003003003, 3335, 1665
1225, 0.5028554253, 1673, 3327
1226, 1.9463759576, 3303, 1697
1227, 2.0193236715, 3344, 1656
1228, 1.9638411381, 3313, 1687
1229, 2.022974607, 3346, 1654
1230, 1.9850746269, 3325, 1675
1231, 2.065603924, 3369, 1631
1232, 1.9342723005, 3296, 1704
1233, 1.9797377831, 3322, 1678
1234, 2.003003003, 3335, 1665
1235, 1.9446407538, 3302, 1698
1236, 2.0248033878, 3347, 1653
1237, 2.008423586, 3338, 1662
1238, 1.9342723005, 3296, 1704
1239, 1.9498525074, 3305, 1695
1240, 1.9446407538, 3302, 1698
1241, 2.008423586, 3338, 1662
1242, 1.9797377831, 3322, 1678
1243, 2.0284675954, 3349, 1651
1244, 1.9797377831, 3322, 1678
1245, 2.0120481928, 3340, 1660
1246, 2.0012004802, 3334, 1666
1247, 1.9585798817, 3310, 1690
1248, 1.9568302779, 3309, 1691
1249, 1.994011976, 3330, 1670
1250, 2.4059945504, 3532, 1468
1251, 1.990430622, 3328, 1672
1252, 1.9708853238, 3317, 1683
1253, 1.965599051, 3314, 1686
1254, 1.9498525074, 3305, 1695
1255, 1.9585798817, 3310, 1690
1256, 2.0211480363, 3345, 1655
1257, 2.0012004802, 3334, 1666
1258, 2.015681544, 3342, 1658
1259, 1.9744199881, 3319, 1681
1260, 2.015681544, 3342, 1658
1261, 1.9515938607, 3306, 1694
1262, 1.988643156, 3327, 1673
1263, 1.9673590504, 3315, 1685
1264, 1.937720329, 3298, 1702
1265, 1.9394473839, 3299, 1701
1266, 2.015681544, 3342, 1658
1267, 2.003003003, 3335, 1665
1268, 2.0193236715, 3344, 1656
1269, 1.9832935561, 3324, 1676
1270, 1.9673590504, 3315, 1685
1271, 1.9797377831, 3322, 1678
1272, 1.9708853238, 3317, 1683
1273, 1.9922202274, 3329, 1671
1274, 1.990430622, 3328, 1672
1275, 1.9620853081, 3312, 1688
1276, 2.022974607, 3346, 1654
1277, 2.0193236715, 3344, 1656
1278, 1.9976019185, 3332, 1668
1279, 2.0120481928, 3340, 1660
1280, 1.988643156, 3327, 1673
1281, 2.0637254902, 3368, 1632
1282, 2.084515731, 3379, 1621
1283, 2.0543677459, 3363, 1637
1284, 1.990430622, 3328, 1672
1285, 2.0432136336, 3357, 1643
1286, 1.9325513196, 3295, 1705
1287, 1.9976019185, 3332, 1668
1288, 1.9550827423, 3308, 1692
1289, 1.988643156, 3327, 1673
1290, 1.990430622, 3328, 1672
1291, 1.9533372711, 3307, 1693
1292, 1.9708853238, 3317, 1683
1293, 1.9922202274, 3329, 1671
1294, 2.006614552, 3337, 1663
1295, 2.0175015088, 3343, 1657
1296, 0.1990407674, 830, 4170
1297, 1.9922202274, 3329, 1671
1298, 1.9761904762, 3320, 1680
1299, 1.9673590504, 3315, 1685
1300, 2.0175015088, 3343, 1657
1301, 1.990430622, 3328, 1672
1302, 1.9463759576, 3303, 1697
1303, 1.99940012, 3333, 1667
1304, 1.9585798817, 3310, 1690
1305, 2.0284675954, 3349, 1651
1306, 2.022974607, 3346, 1654
1307, 1.9797377831, 3322, 1678
1308, 1.9815146094, 3323, 1677
1309, 2.008423586, 3338, 1662
1310, 1.9779630733, 3321, 1679
1311, 2.0543677459, 3363, 1637
1312, 2.0248033878, 3347, 1653
1313, 2.022974607, 3346, 1654
1314, 1.9726516052, 3318, 1682
1315, 2.0395136778, 3355, 1645
1316, 2.0193236715, 3344, 1656
1317, 2.022974607, 3346, 1654
1318, 1.9550827423, 3308, 1692
1319, 1.8985507246, 3275, 1725
1320, 2.0450669915, 3358, 1642
1321, 1.9958058718, 3331, 1669
1322, 1.9832935561, 3324, 1676
1323, 2.0102347983, 3339, 1661
1324, 1.9256875366, 3291, 1709
1325, 1.990430622, 3328, 1672
1326, 1.9256875366, 3291, 1709
1327, 1.9103608847, 3282, 1718
1328, 2.0175015088, 3343, 1657
1329, 2.0012004802, 3334, 1666
1330, 1.9394473839, 3299, 1701
1331, 2.0175015088, 3343, 1657
1332, 1.9446407538, 3302, 1698
1333, 2.0175015088, 3343, 1657
1334, 1.9429075927, 3301, 1699
1335, 1.9922202274, 3329, 1671
1336, 1.9761904762, 3320, 1680
1337, 2.0193236715, 3344, 1656
1338, 2.0048076923, 3336, 1664
1339, 1.9429075927, 3301, 1699
1340, 2.0883261272, 3381, 1619
1341, 2.0211480363, 3345, 1655
1342, 1.9868578256, 3326, 1674
1343, 2.035822708, 3353, 1647
1344, 1.9815146094, 3323, 1677
1345, 1.965599051, 3314, 1686
1346, 2.0102347983, 3339, 1661
1347, 2.0506406345, 3361, 1639
1348, 1.965599051, 3314, 1686
1349, 2.0562347188, 3364, 1636
1350, 2.0012004802, 3334, 1666
1351, 1.9726516052, 3318, 1682
1352, 2.4293552812, 3542, 1458
1353, 1.9325513196, 3295, 1705
1354, 1.99940012, 3333, 1667
1355, 1.9515938607, 3306, 1694
1356, 1.9832935561, 3324, 1676
1357, 1.9976019185, 3332, 1668
1358, 2.0175015088, 3343, 1657
1359, 2.0469226082, 3359, 1641
1360, 1.9550827423, 3308, 1692
1361, 1.9850746269, 3325, 1675
1362, 2.0248033878, 3347, 1653
1363, 1.9761904762, 3320, 1680
1364, 1.9726516052, 3318, 1682
1365, 1.9603315571, 3311, 1689
1366, 2.035822708, 3353, 1647
1367, 1.9515938607, 3306, 1694
1368, 1.988643156, 3327, 1673
1369, 0.4956625785, 1657, 3343
1370, 1.9708853238, 3317, 1683
1371, 2.0012004802, 3334, 1666
1372, 2.006614552, 3337, 1663
1373, 1.9515938607, 3306, 1694
1374, 1.988643156, 3327, 1673
1375, 1.9868578256, 3326, 1674
1376, 2.0048076923, 3336, 1664
1377, 2.0102347983, 3339, 1661
1378, 1.9976019185, 3332, 1668
1379, 2.015681544, 3342, 1658
1380, 2.0120481928, 3340, 1660
1381, 1.9726516052, 3318, 1682
1382, 1.994011976, 3330, 1670
1383, 2.022974607, 3346, 1654
1384, 1.9463759576, 3303, 1697
1385, 1.9779630733, 3321, 1679
1386, 1.965599051, 3314, 1686
1387, 1.9515938607, 3306, 1694
1388, 2.0321406913, 3351, 1649
1389, 2.0769230769, 3375, 1625
1390, 1.9411764706, 3300, 1700
1391, 2.0048076923, 3336, 1664
1392, 2.0248033878, 3347, 1653
1393, 2.0303030303, 3350, 1650
1394, 1.9744199881, 3319, 1681
1395, 1.9726516052, 3318, 1682
1396, 1.994011976, 3330, 1670
1397, 2.0048076923, 3336, 1664
1398, 1.9958058718, 3331, 1669
1399, 2.0769230769, 3375, 1625
1400, 2.0321406913, 3351, 1649
1401, 1.9815146094, 3323, 1677
1402, 2.0432136336, 3357, 1643
1403, 2.0581039755, 3365, 1635
1404, 1.988643156, 3327, 1673
1405, 1.9550827423, 3308, 1692
1406, 1.9019152641, 3277, 1723
1407, 1.9958058718, 3331, 1669
1408, 2.0284675954, 3349, 1651
1409, 2.008423586, 3338, 1662
1410, 1.9171528588, 3286, 1714
1411, 1.9815146094, 3323, 1677
1412, 1.9620853081, 3312, 1688
1413, 2.0395136778, 3355, 1645
1414, 1.99940012, 3333, 1667
1415, 2.0826140567, 3378, 1622
1416, 1.9446407538, 3302, 1698
1417, 2.035822708, 3353, 1647
1418, 1.8918449971, 3271, 1729
1419, 1.9922202274, 3329, 1671
1420, 1.9481132075, 3304, 1696
1421, 1.9832935561, 3324, 1676
1422, 1.99940012, 3333, 1667
1423, 2.003003003, 3335, 1665
1424, 1.994011976, 3330, 1670
1425, 2.0211480363, 3345, 1655
1426, 1.9137529138, 3284, 1716
1427, 2.0432136336, 3357, 1643
1428, 2.006614552, 3337, 1663
1429, 1.9726516052, 3318, 1682
1430, 1.9708853238, 3317, 1683
1431, 2.003003003, 3335, 1665
1432, 2.0543677459, 3363, 1637
1433, 1.915451895, 3285, 1715
1434, 1.994011976, 3330, 1670
1435, 1.9850746269, 3325, 1675
1436, 2.0248033878, 3347, 1653
1437, 2.022974607, 3346, 1654
1438, 1.9691211401, 3316, 1684
1439, 2.0175015088, 3343, 1657
1440, 2.0048076923, 3336, 1664
1441, 1.9744199881, 3319, 1681
1442, 2.0921459493, 3383, 1617
1443, 2.0432136336, 3357, 1643
1444, 0.4961101137, 1658, 3342
1445, 1.99940012, 3333, 1667
1446, 1.9411764706, 3300, 1700
1447, 1.9568302779, 3309, 1691
1448, 1.9779630733, 3321, 1679
1449, 1.9726516052, 3318, 1682
1450, 2.0339805825, 3352, 1648
1451, 1.9797377831, 3322, 1678
1452, 1.99940012, 3333, 1667
1453, 2.0543677459, 3363, 1637
1454, 1.9976019185, 3332, 1668
1455, 1.9797377831, 3322, 1678
1456, 2.006614552, 3337, 1663
1457, 2.0321406913, 3351, 1649
1458, 2.4602076125, 3555, 1445
1459, 2.0120481928, 3340, 1660
1460, 1.9515938607, 3306, 1694
1461, 1.9976019185, 3332, 1668
1462, 2.0102347983, 3339, 1661
1463, 2.0120481928, 3340, 1660
1464, 1.9850746269, 3325, 1675
1465, 2.0048076923, 3336, 1664
1466, 2.022974607, 3346, 1654
1467, 2.0048076923, 3336, 1664
1468, 1.9638411381, 3313, 1687
1469, 2.0138637734, 3341, 1659
1470, 1.9446407538, 3302, 1698
1471, 2.0175015088, 3343, 1657
1472, 2.0120481928, 3340, 1660
1473, 2.0012004802, 3334, 1666
1474, 1.9815146094, 3323, 1677
1475, 2.022974607, 3346, 1654
1476, 2.0525030525, 3362, 1638
1477, 2.006614552, 3337, 1663
1478, 1.9568302779, 3309, 1691
1479, 1.915451895, 3285, 1715
1480, 1.9958058718, 3331, 1669
1481, 1.9958058718, 3331, 1669
1482, 1.9498525074, 3305, 1695
1483, 1.9222676797, 3289, 1711
1484, 2.015681544, 3342, 1658
1485, 2.0506406345, 3361, 1639
1486, 2.003003003, 3335, 1665
1487, 2.0193236715, 3344, 1656
1488, 1.9976019185, 3332, 1668
1489, 2.0193236715, 3344, 1656
1490, 1.9171528588, 3286, 1714
1491, 2.0120481928, 3340, 1660
1492, 1.9498525074, 3305, 1695
1493, 1.9832935561, 3324, 1676
1494, 2.003003003, 3335, 1665
1495, 1.9815146094, 3323, 1677
1496, 2.065603924, 3369, 1631
1497, 1.9958058718, 3331, 1669
1498, 1.9761904762, 3320, 1680
1499, 1.9638411381, 3313, 1687
1500, 2.0138637734, 3341, 1659
1501, 1.9291154071, 3293, 1707
1502, 1.9498525074, 3305, 1695
1503, 1.9533372711, 3307, 1693
1504, 1.9958058718, 3331, 1669
1505, 2.003003003, 3335, 1665
1506, 2.0637254902, 3368, 1632
1507, 2.0102347983, 3339, 1661
1508, 1.9239766082, 3290, 1710
1509, 1.9976019185, 3332, 1668
1510, 2.1133250311, 3394, 1606
1511, 1.9832935561, 3324, 1676
1512, 1.965599051, 3314, 1686
1513, 2.0211480363, 3345, 1655
1514, 2.008423586, 3338, 1662
1515, 1.915451895, 3285, 1715
1516, 2.008423586, 3338, 1662
1517, 2.008423586, 3338, 1662
1518, 1.9308323564, 3294, 1706
1519, 1.990430622, 3328, 1672
1520, 1.9411764706, 3300, 1700
1521, 0.4912019087, 1647, 3353
1522, 1.99940012, 3333, 1667
1523, 2.0138637734, 3341, 1659
1524, 1.9815146094, 3323, 1677
1525, 2.0102347983, 3339, 1661
1526, 2.0120481928, 3340, 1660
1527, 2.0674846626, 3370, 1630
1528, 1.9498525074, 3305, 1695
1529, 1.9498525074, 3305, 1695
1530, 2.0012004802, 3334, 1666
1531, 1.988643156, 3327, 1673
1532, 2.0266343826, 3348, 1652
1533, 1.9868578256, 3326, 1674
1534, 1.9797377831, 3322, 1678
1535, 2.0303030303, 3350, 1650
1536, 1.9620853081, 3312, 1688
1537, 2.0211480363, 3345, 1655
1538, 2.0102347983, 3339, 1661
1539, 2.0012004802, 3334, 1666
1540, 2.035822708, 3353, 1647
1541, 2.0048076923, 3336, 1664
1542, 2.008423586, 3338, 1662
1543, 1.9638411381, 3313, 1687
1544, 2.0248033878, 3347, 1653
1545, 1.9761904762, 3320, 1680
1546, 1.9498525074, 3305, 1695
1547, 1.9815146094, 3323, 1677
1548, 2.0266343826, 3348, 1652
1549, 2.0750307503, 3374, 1626
1550, 2.0138637734, 3341, 1659
1551, 1.9568302779, 3309, 1691
1552, 2.0193236715, 3344, 1656
1553, 1.9922202274, 3329, 1671
1554, 2.0902348578, 3382, 1618
1555, 1.9585798817, 3310, 1690
1556, 2.015681544, 3342, 1658
1557, 2.015681544, 3342, 1658
1558, 2.1075201989, 3391, 1609
1559, 2.0376670717, 3354, 1646
1560, 2.0193236715, 3344, 1656
1561, 1.9568302779, 3309, 1691
1562, 2.0376670717, 3354, 1646
1563, 2.0525030525, 3362, 1638
1564, 1.9463759576, 3303, 1697
1565, 2.003003003, 3335, 1665
1566, 1.988643156, 3327, 1673
1567, 1.9797377831, 3322, 1678
1568, 2.4458993797, 3549, 1451
1569, 2.0413625304, 3356, 1644
1570, 2.0266343826, 3348, 1652
1571, 1.9411764706, 3300, 1700
1572, 2.0211480363, 3345, 1655
1573, 2.0413625304, 3356, 1644
1574, 1.965599051, 3314, 1686
1575, 2.0211480363, 3345, 1655
1576, 2.0175015088, 3343, 1657
1577, 1.988643156, 3327, 1673
1578, 1.9550827423, 3308, 1692
1579, 2.0012004802, 3334, 1666
1580, 1.990430622, 3328, 1672
1581, 2.0102347983, 3339, 1661
1582, 1.9976019185, 3332, 1668
1583, 2.0637254902, 3368, 1632
1584, 2.0175015088, 3343, 1657
1585, 1.9868578256, 3326, 1674
1586, 2.0303030303, 3350, 1650
1587, 2.0376670717, 3354, 1646
1588, 1.9832935561, 3324, 1676
1589, 1.9498525074, 3305, 1695
1590, 2.0048076923, 3336, 1664
1591, 1.9171528588, 3286, 1714
1592, 2.0469226082, 3359, 1641
1593, 2.0120481928, 3340, 1660
1594, 2.0175015088, 3343, 1657
1595, 1.9958058718, 3331, 1669
1596, 2.035822708, 3353, 1647
1597, 2.0506406345, 3361, 1639
1598, 1.9550827423, 3308, 1692
1599, 1.9638411381, 3313, 1687
1600, 0.500150015, 1667, 3333
1601, 1.990430622, 3328, 1672
1602, 1.9797377831, 3322, 1678
1603, 2.003003003, 3335, 1665
1604, 1.9673590504, 3315, 1685
1605, 2.006614552, 3337, 1663
1606, 2.0506406345, 3361, 1639
1607, 2.0432136336, 3357, 1643
1608, 1.9603315571, 3311, 1689
1609, 1.9868578256, 3326, 1674
1610, 1.9137529138, 3284, 1716
1611, 2.0413625304, 3356, 1644
1612, 1.9691211401, 3316, 1684
1613, 1.965599051, 3314, 1686
1614, 2.035822708, 3353, 1647
1615, 1.9515938607, 3306, 1694
1616, 2.035822708, 3353, 1647
1617, 2.008423586, 3338, 1662
1618, 2.0048076923, 3336, 1664
1619, 2.0321406913, 3351, 1649
1620, 1.9976019185, 3332, 1668
1621, 2.0769230769, 3375, 1625
1622, 2.0940594059, 3384, 1616
1623, 1.9394473839, 3299, 1701
1624, 1.9958058718, 3331, 1669
1625, 2.0303030303, 3350, 1650
1626, 1.9761904762, 3320, 1680
1627, 1.9411764706, 3300, 1700
1628, 2.006614552, 3337, 1663
1629, 1.965599051, 3314, 1686
1630, 1.988643156, 3327, 1673
1631, 2.0012004802, 3334, 1666
1632, 2.0102347983, 3339, 1661
1633, 1.994011976, 3330, 1670
1634, 1.9832935561, 3324, 1676
1635, 2.0321406913, 3351, 1649
1636, 2.0284675954, 3349, 1651
1637, 1.9922202274, 3329, 1671
1638, 2.0012004802, 3334, 1666
1639, 2.003003003, 3335, 1665
1640, 1.9976019185, 3332, 1668
1641, 1.9850746269, 3325, 1675
1642, 2.035822708, 3353, 1647
1643, 1.9359953024, 3297, 1703
1644, 1.9568302779, 3309, 1691
1645, 1.9691211401, 3316, 1684
1646, 2.0562347188, 3364, 1636
1647, 1.9239766082, 3290, 1710
1648, 1.9726516052, 3318, 1682
1649, 1.9463759576, 3303, 1697
1650, 1.990430622, 3328, 1672
1651, 1.937720329, 3298, 1702
1652, 2.0102347983, 3339, 1661
1653, 1.9691211401, 3316, 1684
1654, 1.9832935561, 3324, 1676
1655, 1.9256875366, 3291, 1709
1656, 2.0769230769, 3375, 1625
1657, 1.9673590504, 3315, 1685
1658, 1.9325513196, 3295, 1705
1659, 2.0248033878, 3347, 1653
1660, 2.022974607, 3346, 1654
1661, 1.9291154071, 3293, 1707
1662, 2.0826140567, 3378, 1622
1663, 1.9922202274, 3329, 1671
1664, 2.0102347983, 3339, 1661
1665, 1.9585798817, 3310, 1690
1666, 2.022974607, 3346, 1654
1667, 2.0175015088, 3343, 1657
1668, 1.9761904762, 3320, 1680
1669, 2.0303030303, 3350, 1650
1670, 1.9691211401, 3316, 1684
1671, 1.990430622, 3328, 1672
1672, 2.0211480363, 3345, 1655
1673, 1.9120559115, 3283, 1717
1674, 1.9958058718, 3331, 1669
1675, 1.988643156, 3327, 1673
1676, 2.0339805825, 3352, 1648
1677, 1.9779630733, 3321, 1679
1678, 2.003003003, 3335, 1665
1679, 1.9463759576, 3303, 1697
1680, 2.0581039755, 3365, 1635
1681, 0.495215311, 1656, 3344
1682, 2.4482758621, 3550, 1450
1683, 1.9463759576, 3303, 1697
1684, 2.0321406913, 3351, 1649
1685, 1.9256875366, 3291, 1709
1686, 2.015681544, 3342, 1658
1687, 1.9620853081, 3312, 1688
1688, 1.9868578256, 3326, 1674
1689, 2.003003003, 3335, 1665
1690, 2.0120481928, 3340, 1660
1691, 2.015681544, 3342, 1658
1692, 1.9550827423, 3308, 1692
1693, 1.9779630733, 3321, 1679
1694, 2.003003003, 3335, 1665
1695, 1.9868578256, 3326, 1674
1696, 1.9744199881, 3319, 1681
1697, 2.0193236715, 3344, 1656
1698, 2.0248033878, 3347, 1653
1699, 1.9620853081, 3312, 1688
1700, 2.0048076923, 3336, 1664
1701, 2.0469226082, 3359, 1641
1702, 1.9463759576, 3303, 1697
1703, 1.9779630733, 3321, 1679
1704, 2.0469226082, 3359, 1641
1705, 2.008423586, 3338, 1662
1706, 2.0175015088, 3343, 1657
1707, 1.8868360277, 3268, 1732
1708, 1.9498525074, 3305, 1695
1709, 1.9691211401, 3316, 1684
1710, 2.0248033878, 3347, 1653
1711, 2.0864197531, 3380, 1620
1712, 2.0395136778, 3355, 1645
1713, 1.9797377831, 3322, 1678
1714, 2.1017369727, 3388, 1612
1715, 1.9868578256, 3326, 1674
1716, 1.9868578256, 3326, 1674
1717, 1.9691211401, 3316, 1684
1718, 1.9708853238, 3317, 1683
1719, 1.988643156, 3327, 1673
1720, 1.9498525074, 3305, 1695
1721, 1.9850746269, 3325, 1675
1722, 2.0581039755, 3365, 1635
1723, 2.008423586, 3338, 1662
1724, 2.0120481928, 3340, 1660
1725, 1.9429075927, 3301, 1699
1726, 1.9976019185, 3332, 1668
1727, 1.99940012, 3333, 1667
1728, 2.015681544, 3342, 1658
1729, 2.0303030303, 3350, 1650
1730, 1.9481132075, 3304, 1696
1731, 2.0284675954, 3349, 1651
1732, 1.9638411381, 3313, 1687
1733, 2.0376670717, 3354, 1646
1734, 1.9188558085, 3287, 1713
1735, 2.0826140567, 3378, 1622
1736, 1.9429075927, 3301, 1699
1737, 1.9958058718, 3331, 1669
1738, 2.0193236715, 3344, 1656
1739, 2.0102347983, 3339, 1661
1740, 1.9832935561, 3324, 1676
1741, 2.0376670717, 3354, 1646
1742, 1.9515938607, 3306, 1694
1743, 2.0376670717, 3354, 1646
1744, 2.003003003, 3335, 1665
1745, 1.9976019185, 3332, 1668
1746, 1.9256875366, 3291, 1709
1747, 2.0102347983, 3339, 1661
1748, 1.9463759576, 3303, 1697
1749, 1.937720329, 3298, 1702
1750, 1.9815146094, 3323, 1677
1751, 2.0193236715, 3344, 1656
1752, 1.9673590504, 3315, 1685
1753, 2.0321406913, 3351, 1649
1754, 1.9868578256, 3326, 1674
1755, 2.0266343826, 3348, 1652
1756, 1.9533372711, 3307, 1693
1757, 1.9797377831, 3322, 1678
1758, 2.0469226082, 3359, 1641
1759, 2.006614552, 3337, 1663
1760, 1.9958058718, 3331, 1669
1761, 2.0102347983, 3339, 1661
1762, 1.9620853081, 3312, 1688
1763, 2.0487804878, 3360, 1640
1764, 0.4956625785, 1657, 3343
1765, 2.0012004802, 3334, 1666
1766, 1.9922202274, 3329, 1671
1767, 1.965599051, 3314, 1686
1768, 1.937720329, 3298, 1702
1769, 2.022974607, 3346, 1654
1770, 1.9291154071, 3293, 1707
1771, 1.99940012, 3333, 1667
1772, 1.9325513196, 3295, 1705
1773, 1.9832935561, 3324, 1676
1774, 2.0487804878, 3360, 1640
1775, 1.9446407538, 3302, 1698
1776, 2.0284675954, 3349, 1651
1777, 1.9832935561, 3324, 1676
1778, 1.9256875366, 3291, 1709
1779, 2.0487804878, 3360, 1640
1780, 1.990430622, 3328, 1672
1781, 2.0413625304, 3356, 1644
1782, 1.9744199881, 3319, 1681
1783, 2.0413625304, 3356, 1644
1784, 1.9797377831, 3322, 1678
1785, 1.9620853081, 3312, 1688
1786, 2.0321406913, 3351, 1649
1787, 2.035822708, 3353, 1647
1788, 1.9708853238, 3317, 1683
1789, 1.9585798817, 3310, 1690
1790, 1.8604118993, 3252, 1748
1791, 1.9446407538, 3302, 1698
1792, 2.0048076923, 3336, 1664
1793, 1.9726516052, 3318, 1682
1794, 1.9308323564, 3294, 1706
1795, 2.0599755202, 3366, 1634
1796, 1.9708853238, 3317, 1683
1797, 2.0940594059, 3384, 1616
1798, 2.0339805825, 3352, 1648
1799, 1.9394473839, 3299, 1701
1800, 2.4083162918, 3533, 1467
1801, 1.9585798817, 3310, 1690
1802, 2.0525030525, 3362, 1638
1803, 2.0339805825, 3352, 1648
1804, 1.9726516052, 3318, 1682
1805, 1.9797377831, 3322, 1678
1806, 1.9850746269, 3325, 1675
1807, 1.9585798817, 3310, 1690
1808, 1.9481132075, 3304, 1696
1809, 2.0138637734, 3341, 1659
1810, 1.994011976, 3330, 1670
1811, 1.988643156, 3327, 1673
1812, 2.061849357, 3367, 1633
1813, 1.9463759576, 3303, 1697
1814, 1.9603315571, 3311, 1689
1815, 1.9691211401, 3316, 1684
1816, 1.99940012, 3333, 1667
1817, 2.0339805825, 3352, 1648
1818, 1.9394473839, 3299, 1701
1819, 1.9325513196, 3295, 1705
1820, 2.003003003, 3335, 1665
1821, 1.9446407538, 3302, 1698
1822, 2.0998140112, 3387, 1613
1823, 2.006614552, 3337, 1663
1824, 1.99940012, 3333, 1667
1825, 2.035822708, 3353, 1647
1826, 2.0012004802, 3334, 1666
1827, 2.0731407498, 3373, 1627
1828, 2.003003003, 3335, 1665
1829, 1.990430622, 3328, 1672
1830, 2.0303030303, 3350, 1650
1831, 1.9620853081, 3312, 1688
1832, 1.9002320186, 3276, 1724
1833, 2.0450669915, 3358, 1642
1834, 1.9673590504, 3315, 1685
1835, 1.994011976, 3330, 1670
1836, 2.0248033878, 3347, 1653
1837, 2.0750307503, 3374, 1626
1838, 2.0120481928, 3340, 1660
1839, 1.988643156, 3327, 1673
1840, 1.9708853238, 3317, 1683
1841, 1.994011976, 3330, 1670
1842, 1.9222676797, 3289, 1711
1843, 2.0248033878, 3347, 1653
1844, 2.0211480363, 3345, 1655
1845, 1.9744199881, 3319, 1681
1846, 2.008423586, 3338, 1662
1847, 1.9761904762, 3320, 1680
1848, 1.988643156, 3327, 1673
1849, 0.4961101137, 1658, 3342
1850, 2.0012004802, 3334, 1666
1851, 1.990430622, 3328, 1672
1852, 1.9797377831, 3322, 1678
1853, 1.9120559115, 3283, 1717
1854, 1.9832935561, 3324, 1676
1855, 2.0432136336, 3357, 1643
1856, 1.9868578256, 3326, 1674
1857, 2.0432136336, 3357, 1643
1858, 2.035822708, 3353, 1647
1859, 1.937720329, 3298, 1702
1860, 1.9691211401, 3316, 1684
1861, 1.9673590504, 3315, 1685
1862, 1.9256875366, 3291, 1709
1863, 2.006614552, 3337, 1663
1864, 1.988643156, 3327, 1673
1865, 2.022974607, 3346, 1654
1866, 1.9708853238, 3317, 1683
1867, 1.9673590504, 3315, 1685
1868, 2.0175015088, 3343, 1657
1869, 1.9086678301, 3281, 1719
1870, 2.0581039755, 3365, 1635
1871, 2.006614552, 3337, 1663
1872, 2.0599755202, 3366, 1634
1873, 2.0581039755, 3365, 1635
1874, 1.9620853081, 3312, 1688
1875, 1.9797377831, 3322, 1678
1876, 2.0712530713, 3372, 1628
1877, 1.9205607477, 3288, 1712
1878, 1.9976019185, 3332, 1668
1879, 1.9976019185, 3332, 1668
1880, 2.0211480363, 3345, 1655
1881, 1.9958058718, 3331, 1669
1882, 2.0450669915, 3358, 1642
1883, 1.9976019185, 3332, 1668
1884, 1.9850746269, 3325, 1675
1885, 1.9515938607, 3306, 1694
1886, 2.0413625304, 3356, 1644
1887, 2.006614552, 3337, 1663
1888, 2.003003003, 3335, 1665
1889, 1.990430622, 3328, 1672
1890, 1.9691211401, 3316, 1684
1891, 1.9726516052, 3318, 1682
1892, 1.9958058718, 3331, 1669
1893, 1.9815146094, 3323, 1677
1894, 1.9481132075, 3304, 1696
1895, 2.0248033878, 3347, 1653
1896, 1.9463759576, 3303, 1697
1897, 2.065603924, 3369, 1631
1898, 2.061849357, 3367, 1633
1899, 1.99940012, 3333, 1667
1900, 1.99940012, 3333, 1667
1901, 2.006614552, 3337, 1663
1902, 1.9620853081, 3312, 1688
1903, 2.0048076923, 3336, 1664
1904, 1.9673590504, 3315, 1685
1905, 2.0048076923, 3336, 1664
1906, 2.0175015088, 3343, 1657
1907, 1.9922202274, 3329, 1671
1908, 1.990430622, 3328, 1672
1909, 1.990430622, 3328, 1672
1910, 2.003003003, 3335, 1665
1911, 1.9922202274, 3329, 1671
1912, 1.9726516052, 3318, 1682
1913, 2.0175015088, 3343, 1657
1914, 1.9779630733, 3321, 1679
1915, 1.9797377831, 3322, 1678
1916, 2.006614552, 3337, 1663
1917, 1.9429075927, 3301, 1699
1918, 2.0807147258, 3377, 1623
1919, 1.9726516052, 3318, 1682
1920, 1.9708853238, 3317, 1683
1921, 2.0284675954, 3349, 1651
1922, 2.4223134839, 3539, 1461
1923, 2.003003003, 3335, 1665
1924, 1.9850746269, 3325, 1675
1925, 2.0120481928, 3340, 1660
1926, 2.006614552, 3337, 1663
1927, 1.9850746269, 3325, 1675
1928, 1.994011976, 3330, 1670
1929, 2.078817734, 3376, 1624
1930, 2.0048076923, 3336, 1664
1931, 2.0102347983, 3339, 1661
1932, 1.9708853238, 3317, 1683
1933, 2.078817734, 3376, 1624
1934, 1.9761904762, 3320, 1680
1935, 1.988643156, 3327, 1673
1936, 0.5037593985, 1675, 3325
1937, 2.022974607, 3346, 1654
1938, 1.9325513196, 3295, 1705
1939, 1.9708853238, 3317, 1683
1940, 1.9585798817, 3310, 1690
1941, 1.9976019185, 3332, 1668
1942, 1.9585798817, 3310, 1690
1943, 1.8868360277, 3268, 1732
1944, 1.9744199881, 3319, 1681
1945, 1.9761904762, 3320, 1680
1946, 2.0120481928, 3340, 1660
1947, 1.9797377831, 3322, 1678
1948, 1.9691211401, 3316, 1684
1949, 2.0450669915, 3358, 1642
1950, 2.022974607, 3346, 1654
1951, 1.9779630733, 3321, 1679
1952, 1.9708853238, 3317, 1683
1953, 2.006614552, 3337, 1663
1954, 1.9691211401, 3316, 1684
1955, 1.9797377831, 3322, 1678
1956, 1.9850746269, 3325, 1675
1957, 2.0487804878, 3360, 1640
1958, 1.994011976, 3330, 1670
1959, 1.988643156, 3327, 1673
1960, 1.9638411381, 3313, 1687
1961, 2.0303030303, 3350, 1650
1962, 1.9922202274, 3329, 1671
1963, 1.9585798817, 3310, 1690
1964, 1.9779630733, 3321, 1679
1965, 1.9779630733, 3321, 1679
1966, 2.0120481928, 3340, 1660
1967, 2.0048076923, 3336, 1664
1968, 1.9411764706, 3300, 1700
1969, 1.9832935561, 3324, 1676
1970, 1.9291154071, 3293, 1707
1971, 2.006614552, 3337, 1663
1972, 1.9533372711, 3307, 1693
1973, 2.0048076923, 3336, 1664
1974, 2.0469226082, 3359, 1641
1975, 1.9815146094, 3323, 1677
1976, 2.0376670717, 3354, 1646
1977, 1.9958058718, 3331, 1669
1978, 2.0138637734, 3341, 1659
1979, 1.9708853238, 3317, 1683
1980, 2.0175015088, 3343, 1657
1981, 2.0175015088, 3343, 1657
1982, 1.990430622, 3328, 1672
1983, 1.9868578256, 3326, 1674
1984, 2.003003003, 3335, 1665
1985, 1.990430622, 3328, 1672
1986, 1.9779630733, 3321, 1679
1987, 1.9585798817, 3310, 1690
1988, 1.9550827423, 3308, 1692
1989, 2.0175015088, 3343, 1657
1990, 1.990430622, 3328, 1672
1991, 2.022974607, 3346, 1654
1992, 2.0266343826, 3348, 1652
1993, 1.9533372711, 3307, 1693
1994, 2.0339805825, 3352, 1648
1995, 2.0248033878, 3347, 1653
1996, 2.0750307503, 3374, 1626
1997, 1.9411764706, 3300, 1700
1998, 2.0138637734, 3341, 1659
1999, 1.9585798817, 3310, 1690
2000, 1.988643156, 3327, 1673
2001, 1.9394473839, 3299, 1701
2002, 2.0303030303, 3350, 1650
2003, 1.9922202274, 3329, 1671
2004, 1.9533372711, 3307, 1693
2005, 2.0321406913, 3351, 1649
2006, 1.9958058718, 3331, 1669
2007, 1.9976019185, 3332, 1668
2008, 2.0138637734, 3341, 1659
2009, 2.0193236715, 3344, 1656
2010, 1.9603315571, 3311, 1689
2011, 1.99940012, 3333, 1667
2012, 1.9291154071, 3293, 1707
2013, 1.9958058718, 3331, 1669
2014, 2.0048076923, 3336, 1664
2015, 1.9222676797, 3289, 1711
2016, 2.006614552, 3337, 1663
2017, 1.9779630733, 3321, 1679
2018, 2.0284675954, 3349, 1651
2019, 2.0637254902, 3368, 1632
2020, 2.0543677459, 3363, 1637
2021, 2.022974607, 3346, 1654
2022, 1.9726516052, 3318, 1682
2023, 1.9585798817, 3310, 1690
2024, 1.9922202274, 3329, 1671
2025, 0.4974543276, 1661, 3339
2026, 1.9691211401, 3316, 1684
2027, 2.0211480363, 3345, 1655
2028, 2.022974607, 3346, 1654
2029, 1.9976019185, 3332, 1668
2030, 1.9256875366, 3291, 1709
2031, 2.0175015088, 3343, 1657
2032, 2.003003003, 3335, 1665
2033, 2.0284675954, 3349, 1651
2034, 1.9832935561, 3324, 1676
2035, 1.9976019185, 3332, 1668
2036, 1.9832935561, 3324, 1676
2037, 1.8818443804, 3265, 1735
2038, 1.9691211401, 3316, 1684
2039, 2.0506406345, 3361, 1639
2040, 1.9815146094, 3323, 1677
2041, 1.9976019185, 3332, 1668
2042, 1.9429075927, 3301, 1699
2043, 1.9256875366, 3291, 1709
2044, 2.0395136778, 3355, 1645
2045, 2.0120481928, 3340, 1660
2046, 2.015681544, 3342, 1658
2047, 2.022974607, 3346, 1654
2048, 2.46740638, 3558, 1442
2049, 2.0469226082, 3359, 1641
2050, 2.0102347983, 3339, 1661
2051, 1.9976019185, 3332, 1668
2052, 1.9815146094, 3323, 1677
2053, 1.9691211401, 3316, 1684
2054, 1.965599051, 3314, 1686
2055, 1.9429075927, 3301, 1699
2056, 1.9673590504, 3315, 1685
2057, 2.035822708, 3353, 1647
2058, 1.9850746269, 3325, 1675
2059, 1.99940012, 3333, 1667
2060, 2.0506406345, 3361, 1639
2061, 2.0048076923, 3336, 1664
2062, 2.015681544, 3342, 1658
2063, 1.9603315571, 3311, 1689
2064, 1.9779630733, 3321, 1679
2065, 2.0138637734, 3341, 1659
2066, 1.9868578256, 3326, 1674
2067, 1.9342723005, 3296, 1704
2068, 1.9550827423, 3308, 1692
2069, 2.0266343826, 3348, 1652
2070, 1.988643156, 3327, 1673
2071, 1.99940012, 3333, 1667
2072, 2.015681544, 3342, 1658
2073, 2.0175015088, 3343, 1657
2074, 2.0303030303, 3350, 1650
2075, 1.99940012, 3333, 1667
2076, 1.9976019185, 3332, 1668
2077, 1.994011976, 3330, 1670
2078, 1.9726516052, 3318, 1682
2079, 1.9673590504, 3315, 1685
2080, 2.0321406913, 3351, 1649
2081, 1.9446407538, 3302, 1698
2082, 2.0731407498, 3373, 1627
2083, 1.9446407538, 3302, 1698
2084, 2.0450669915, 3358, 1642
2085, 1.9533372711, 3307, 1693
2086, 2.0303030303, 3350, 1650
2087, 1.990430622, 3328, 1672
2088, 2.003003003, 3335, 1665
2089, 2.0102347983, 3339, 1661
2090, 1.9744199881, 3319, 1681
2091, 2.0138637734, 3341, 1659
2092, 1.99940012, 3333, 1667
2093, 2.0487804878, 3360, 1640
2094, 2.0450669915, 3358, 1642
2095, 2.0339805825, 3352, 1648
2096, 2.0120481928, 3340, 1660
2097, 2.0102347983, 3339, 1661
2098, 1.9274004684, 3292, 1708
2099, 2.0487804878, 3360, 1640
2100, 1.9832935561, 3324, 1676
2101, 2.035822708, 3353, 1647
2102, 2.0712530713, 3372, 1628
2103, 2.0248033878, 3347, 1653
2104, 2.0284675954, 3349, 1651
2105, 1.9815146094, 3323, 1677
2106, 2.015681544, 3342, 1658
2107, 1.9922202274, 3329, 1671
2108, 2.0303030303, 3350, 1650
2109, 1.9069767442, 3280, 1720
2110, 2.015681544, 3342, 1658
2111, 1.9958058718, 3331, 1669
2112, 2.022974607, 3346, 1654
2113, 1.9976019185, 3332, 1668
2114, 1.9325513196, 3295, 1705
2115, 2.006614552, 3337, 1663
2116, 0.4992503748, 1665, 3335
2117, 2.0211480363, 3345, 1655
2118, 2.0193236715, 3344, 1656
2119, 2.0525030525, 3362, 1638
2120, 1.9832935561, 3324, 1676
2121, 1.994011976, 3330, 1670
2122, 2.0469226082, 3359, 1641
2123, 1.9850746269, 3325, 1675
2124, 1.9411764706, 3300, 1700
2125, 2.0102347983, 3339, 1661
2126, 2.0048076923, 3336, 1664
2127, 2.003003003, 3335, 1665
2128, 2.1017369727, 3388, 1612
2129, 1.8985507246, 3275, 1725
2130, 1.9850746269, 3325, 1675
2131, 1.9976019185, 3332, 1668
2132, 2.0543677459, 3363, 1637
2133, 1.9958058718, 3331, 1669
2134, 1.9673590504, 3315, 1685
2135, 2.0450669915, 3358, 1642
2136, 1.9761904762, 3320, 1680
2137, 2.0193236715, 3344, 1656
2138, 1.9533372711, 3307, 1693
2139, 2.0012004802, 3334, 1666
2140, 2.0012004802, 3334, 1666
2141, 2.0193236715, 3344, 1656
2142, 1.9359953024, 3297, 1703
2143, 1.9708853238, 3317, 1683
2144, 1.9585798817, 3310, 1690
2145, 1.9832935561, 3324, 1676
2146, 1.9779630733, 3321, 1679
2147, 1.9188558085, 3287, 1713
2148, 2.0376670717, 3354, 1646
2149, 2.0395136778, 3355, 1645
2150, 1.9779630733, 3321, 1679
2151, 1.9797377831, 3322, 1678
2152, 1.9797377831, 3322, 1678
2153, 1.9779630733, 3321, 1679
2154, 2.0469226082, 3359, 1641
2155, 1.990430622, 3328, 1672
2156, 1.994011976, 3330, 1670
2157, 1.9779630733, 3321, 1679
2158, 2.0731407498, 3373, 1627
2159, 2.0487804878, 3360, 1640
2160, 1.9832935561, 3324, 1676
2161, 2.0303030303, 3350, 1650
2162, 1.965599051, 3314, 1686
2163, 1.994011976, 3330, 1670
2164, 2.008423586, 3338, 1662
2165, 2.0487804878, 3360, 1640
2166, 2.022974607, 3346, 1654
2167, 1.9515938607, 3306, 1694
2168, 2.0395136778, 3355, 1645
2169, 2.003003003, 3335, 1665
2170, 1.9205607477, 3288, 1712
2171, 1.9429075927, 3301, 1699
2172, 1.9103608847, 3282, 1718
2173, 1.9691211401, 3316, 1684
2174, 1.9761904762, 3320, 1680
2175, 2.0012004802, 3334, 1666
2176, 1.9976019185, 3332, 1668
2177, 2.0506406345, 3361, 1639
2178, 2.4176349966, 3537, 1463
2179, 1.9342723005, 3296, 1704
2180, 1.9673590504, 3315, 1685
2181, 1.9603315571, 3311, 1689
2182, 2.0138637734, 3341, 1659
2183, 2.0321406913, 3351, 1649
2184, 2.0413625304, 3356, 1644
2185, 2.0048076923, 3336, 1664
2186, 2.0284675954, 3349, 1651
2187, 1.9744199881, 3319, 1681
2188, 2.0012004802, 3334, 1666
2189, 1.9761904762, 3320, 1680
2190, 2.015681544, 3342, 1658
2191, 1.9411764706, 3300, 1700
2192, 1.9868578256, 3326, 1674
2193, 2.0211480363, 3345, 1655
2194, 1.9691211401, 3316, 1684
2195, 1.9815146094, 3323, 1677
2196, 2.0450669915, 3358, 1642
2197, 2.0048076923, 3336, 1664
2198, 1.9958058718, 3331, 1669
2199, 2.0284675954, 3349, 1651
2200, 2.003003003, 3335, 1665
