2, 2095, 324, 1463, 1118
3, 1657, 835, 1662, 846
4, 419, 1459, 1676, 1446
5, 1670, 844, 1659, 827
6, 1665, 671, 1648, 1016
7, 1666, 830, 1671, 833
8, 2095, 675, 1463, 767
9, 829, 1670, 828, 1673
10, 1656, 845, 1670, 829
11, 1676, 841, 1667, 816
12, 1656, 828, 1686, 830
13, 1657, 828, 1679, 836
14, 1667, 797, 1690, 846
15, 1690, 814, 1644, 852
16, 220, 2304, 199, 2277
17, 1651, 823, 1689, 837
18, 2103, 309, 1458, 1130
19, 1664, 843, 1654, 839
20, 1661, 835, 1667, 837
21, 1670, 830, 1675, 825
22, 1667, 820, 1652, 861
23, 1668, 818, 1675, 839
24, 1654, 663, 1664, 1019
25, 845, 1642, 825, 1688
26, 1644, 863, 1682, 811
27, 1657, 836, 1662, 845
28, 1658, 827, 1678, 837
29, 1671, 843, 1674, 812
30, 1657, 856, 1671, 816
31, 1660, 827, 1667, 846
32, 2095, 324, 1463, 1118
33, 1657, 839, 1686, 818
34, 1668, 776, 1702, 854
35, 1673, 828, 1670, 829
36, 830, 1669, 835, 1666
37, 1657, 843, 1675, 825
38, 1658, 808, 1673, 861
39, 1647, 855, 1683, 815
40, 1667, 841, 1680, 812
41, 1656, 804, 1683, 857
42, 1657, 822, 1690, 831
43, 1658, 835, 1651, 856
44, 1675, 851, 1629, 845
45, 1661, 837, 1653, 849
46, 1665, 831, 1662, 842
47, 1669, 817, 1667, 847
48, 1660, 821, 1662, 857
49, 838, 1639, 828, 1695
50, 2095, 314, 1452, 1139
51, 1664, 838, 1645, 853
52, 1651, 849, 1678, 822
53, 1651, 824, 1703, 822
54, 1652, 684, 1668, 996
55, 1658, 850, 1692, 800
56, 1668, 818, 1660, 854
57, 1693, 831, 1659, 817
58, 1677, 848, 1671, 804
59, 1643, 827, 1687, 843
60, 1672, 828, 1669, 831
61, 1657, 826, 1703, 814
62, 1677, 803, 1667, 853
63, 1672, 823, 1686, 819
64, 419, 1458, 1676, 1447
65, 1674, 854, 1673, 799
66, 1675, 830, 1687, 808
67, 1688, 832, 1660, 820
68, 1649, 853, 1660, 838
69, 1654, 833, 1654, 859
70, 1659, 846, 1666, 829
71, 1676, 832, 1678, 814
72, 2095, 310, 1455, 1140
73, 1671, 853, 1666, 810
74, 1670, 818, 1669, 843
75, 1669, 822, 1682, 827
76, 1663, 848, 1666, 823
77, 1650, 861, 1648, 841
78, 1670, 836, 1638, 856
79, 1659, 844, 1642, 855
80, 1667, 851, 1657, 825
81, 432, 2080, 397, 2091
82, 1674, 832, 1679, 815
83, 1669, 813, 1681, 837
84, 1674, 832, 1645, 849
85, 1674, 881, 1626, 819
86, 1658, 823, 1680, 839
87, 1666, 844, 1676, 814
88, 1668, 828, 1683, 821
89, 1681, 845, 1657, 817
90, 1665, 800, 1668, 867
91, 1662, 808, 1682, 848
92, 1665, 814, 1682, 839
93, 1650, 839, 1686, 825
94, 1652, 865, 1672, 811
95, 1644, 841, 1650, 865
96, 1662, 667, 1657, 1014
97, 1663, 824, 1678, 835
98, 2072, 317, 1479, 1132
99, 1678, 815, 1665, 842
100, 831, 1671, 825, 1673
101, 1676, 828, 1675, 821
102, 1636, 832, 1693, 839
103, 1662, 834, 1658, 846
104, 1638, 828, 1700, 834
105, 1664, 819, 1692, 825
106, 1666, 859, 1641, 834
107, 1653, 816, 1707, 824
108, 1655, 820, 1681, 844
109, 1674, 833, 1657, 836
110, 1651, 826, 1688, 835
111, 1680, 834, 1670, 816
112, 1668, 823, 1668, 841
113, 1655, 844, 1650, 851
114, 1668, 830, 1667, 835
115, 1652, 872, 1664, 812
116, 1668, 861, 1666, 805
117, 1657, 806, 1699, 838
118, 1667, 866, 1663, 804
119, 1647, 853, 1666, 834
120, 1668, 806, 1657, 869
121, 846, 1660, 830, 1664
122, 1660, 827, 1656, 857
123, 1655, 855, 1652, 838
124, 1658, 842, 1678, 822
125, 1670, 824, 1659, 847
126, 1657, 828, 1676, 839
127, 1657, 806, 1688, 849
128, 2095, 420, 1463, 1022
129, 1663, 851, 1663, 823
130, 1658, 828, 1697, 817
131, 1656, 826, 1686, 832
132, 1663, 828, 1684, 825
133, 1664, 801, 1719, 816
134, 1636, 866, 1668, 830
135, 1678, 819, 1656, 847
136, 1663, 800, 1668, 869
137, 1674, 842, 1653, 831
138, 1659, 832, 1666, 843
139, 1662, 804, 1656, 878
140, 1662, 842, 1675, 821
141, 1687, 820, 1648, 845
142, 1645, 818, 1699, 838
143, 1655, 837, 1660, 848
144, 828, 1671, 828, 1673
145, 1660, 863, 1684, 793
146, 1651, 860, 1675, 814
147, 1660, 819, 1678, 843
148, 1658, 829, 1674, 839
149, 1672, 852, 1655, 821
150, 1658, 664, 1656, 1022
151, 1664, 824, 1686, 826
152, 1664, 801, 1660, 875
153, 1660, 858, 1675, 807
154, 1672, 840, 1644, 844
155, 1643, 842, 1680, 835
156, 1657, 810, 1691, 842
157, 1654, 828, 1707, 811
158, 1668, 834, 1638, 860
159, 1637, 845, 1673, 845
160, 1657, 848, 1669, 826
161, 1662, 800, 1682, 856
162, 2095, 339, 1458, 1108
163, 1669, 854, 1637, 840
164, 1662, 820, 1677, 841
165, 1675, 794, 1686, 845
166, 1653, 800, 1701, 846
167, 1633, 823, 1659, 885
168, 1660, 817, 1676, 847
169, 825, 1655, 832, 1688
170, 1661, 830, 1676, 833
171, 1666, 854, 1637, 843
172, 1660, 853, 1662, 825
173, 1680, 802, 1673, 845
174, 1649, 870, 1675, 806
175, 1659, 822, 1692, 827
176, 1675, 820, 1666, 839
177, 1657, 847, 1667, 829
178, 1635, 836, 1684, 845
179, 1690, 802, 1659, 849
180, 1665, 847, 1684, 804
181, 1645, 806, 1689, 860
182, 1664, 832, 1691, 813
183, 1651, 856, 1662, 831
184, 1669, 846, 1666, 819
185, 1658, 844, 1687, 811
186, 1670, 807, 1682, 841
187, 1681, 852, 1630, 837
188, 1660, 844, 1674, 822
189, 1673, 821, 1660, 846
190, 1675, 822, 1684, 819
191, 1658, 819, 1663, 860
192, 1655, 822, 1680, 843
193, 1648, 832, 1718, 802
194, 1681, 843, 1622, 854
195, 1652, 809, 1705, 834
196, 833, 1682, 834, 1651
197, 1661, 837, 1691, 811
198, 1670, 835, 1677, 818
199, 1658, 867, 1650, 825
200, 2093, 326, 1433, 1148
201, 1656, 823, 1687, 834
202, 1655, 848, 1684, 813
203, 1671, 818, 1689, 822
204, 1664, 829, 1674, 833
205, 1669, 810, 1651, 870
206, 1656, 840, 1666, 838
207, 1668, 812, 1679, 841
208, 1655, 844, 1679, 822
209, 1669, 838, 1660, 833
210, 1624, 861, 1666, 849
211, 1664, 853, 1662, 821
212, 1654, 842, 1676, 828
213, 1661, 854, 1643, 842
214, 1647, 836, 1664, 853
215, 1649, 848, 1673, 830
216, 1665, 315, 1648, 1372
217, 1662, 857, 1675, 806
218, 1660, 835, 1649, 856
219, 1652, 842, 1662, 844
220, 1657, 838, 1688, 817
221, 1669, 828, 1688, 815
222, 1648, 832, 1691, 829
223, 1651, 848, 1671, 830
224, 1670, 816, 1692, 822
225, 841, 1645, 849, 1665
226, 1677, 836, 1668, 819
227, 1624, 840, 1676, 860
228, 1691, 809, 1644, 856
229, 1671, 838, 1648, 843
230, 1663, 839, 1700, 798
231, 1646, 865, 1668, 821
232, 1676, 809, 1669, 846
233, 1678, 830, 1673, 819
234, 1679, 815, 1682, 824
235, 1633, 838, 1690, 839
236, 1650, 840, 1695, 815
237, 1662, 827, 1688, 823
238, 1664, 838, 1638, 860
239, 1658, 836, 1679, 827
240, 1684, 831, 1649, 836
241, 1645, 814, 1695, 846
242, 2077, 321, 1459, 1143
243, 1657, 835, 1662, 846
244, 1659, 838, 1678, 825
245, 1669, 841, 1665, 825
246, 1670, 835, 1655, 840
247, 1667, 843, 1652, 838
248, 1675, 804, 1693, 828
249, 1678, 887, 1653, 782
250, 1666, 825, 1682, 827
251, 1643, 828, 1662, 867
252, 1656, 846, 1668, 830
253, 1668, 822, 1670, 840
254, 1664, 838, 1626, 872
255, 1670, 838, 1652, 840
256, 104, 2411, 116, 2369
257, 1669, 827, 1662, 842
258, 1646, 808, 1697, 849
259, 1651, 875, 1681, 793
260, 1665, 823, 1681, 831
261, 1652, 824, 1680, 844
262, 1638, 838, 1720, 804
263, 1661, 838, 1666, 835
264, 1673, 845, 1631, 851
265, 1658, 821, 1689, 832
266, 1639, 854, 1700, 807
267, 1646, 804, 1728, 822
268, 1692, 819, 1652, 837
269, 1645, 842, 1679, 834
270, 1642, 842, 1654, 862
271, 1652, 852, 1673, 823
272, 1653, 810, 1695, 842
273, 1661, 824, 1673, 842
274, 1641, 822, 1682, 855
275, 1682, 794, 1670, 854
276, 1649, 847, 1667, 837
277, 1644, 832, 1702, 822
278, 1652, 843, 1663, 842
279, 1642, 831, 1672, 855
280, 1659, 858, 1656, 827
281, 1670, 813, 1652, 865
282, 1643, 806, 1699, 852
283, 1662, 862, 1631, 845
284, 1675, 844, 1664, 817
285, 1635, 838, 1685, 842
286, 1661, 823, 1675, 841
287, 1672, 837, 1659, 832
288, 2101, 331, 1454, 1114
289, 827, 1666, 824, 1683
290, 1671, 811, 1664, 854
291, 1664, 813, 1673, 850
292, 1672, 831, 1666, 831
293, 1660, 828, 1685, 827
294, 1643, 675, 1658, 1024
295, 1640, 826, 1681, 853
296, 1672, 814, 1677, 837
297, 1659, 832, 1704, 805
298, 1624, 812, 1731, 833
299, 1664, 853, 1665, 818
300, 1674, 827, 1651, 848
301, 1659, 804, 1692, 845
302, 1657, 831, 1649, 863
303, 1656, 842, 1695, 807
304, 1656, 857, 1657, 830
305, 1668, 828, 1656, 848
306, 1648, 808, 1700, 844
307, 1666, 825, 1658, 851
308, 1648, 819, 1677, 856
309, 1664, 824, 1637, 875
310, 1660, 778, 1699, 863
311, 1634, 828, 1691, 847
312, 1668, 848, 1659, 825
313, 1643, 841, 1698, 818
314, 1647, 853, 1669, 831
315, 1682, 799, 1672, 847
316, 1653, 826, 1680, 841
317, 1625, 855, 1711, 809
318, 1668, 838, 1649, 845
319, 1657, 877, 1644, 822
320, 1664, 844, 1670, 822
321, 1652, 839, 1677, 832
322, 1647, 840, 1652, 861
323, 1659, 836, 1655, 850
324, 436, 1436, 1667, 1461
325, 1666, 844, 1656, 834
326, 1644, 825, 1698, 833
327, 1666, 843, 1656, 835
328, 1672, 811, 1672, 845
329, 1648, 831, 1680, 841
330, 1631, 879, 1687, 803
331, 1659, 842, 1683, 816
332, 1670, 849, 1655, 826
333, 1637, 833, 1700, 830
334, 1697, 824, 1663, 816
335, 1668, 822, 1661, 849
336, 1671, 843, 1672, 814
337, 1649, 838, 1696, 817
338, 2086, 318, 1459, 1137
339, 1649, 819, 1673, 859
340, 1670, 831, 1673, 826
341, 1664, 852, 1655, 829
342, 1651, 838, 1657, 854
343, 1666, 803, 1671, 860
344, 1651, 827, 1680, 842
345, 1657, 833, 1683, 827
346, 1648, 822, 1686, 844
347, 1689, 825, 1652, 834
348, 1670, 837, 1659, 834
349, 1647, 832, 1700, 821
350, 1675, 820, 1640, 865
351, 1642, 810, 1686, 862
352, 1668, 827, 1656, 849
353, 1680, 811, 1650, 859
354, 1647, 838, 1663, 852
355, 1649, 844, 1675, 832
356, 1683, 820, 1646, 851
357, 1654, 812, 1697, 837
358, 1633, 832, 1675, 860
359, 1663, 811, 1668, 858
360, 1671, 818, 1665, 846
361, 820, 1675, 844, 1661
362, 1670, 855, 1644, 831
363, 1659, 854, 1669, 818
364, 1652, 806, 1694, 848
365, 1667, 841, 1648, 844
366, 1657, 856, 1678, 809
367, 1657, 848, 1672, 823
368, 1670, 813, 1676, 841
369, 1660, 818, 1680, 842
370, 1665, 885, 1632, 818
371, 1652, 769, 1740, 839
372, 1649, 820, 1696, 835
373, 1674, 851, 1648, 827
374, 1679, 819, 1659, 843
375, 1678, 849, 1651, 822
376, 1657, 825, 1667, 851
377, 1649, 871, 1644, 836
378, 1654, 832, 1709, 805
379, 1668, 869, 1643, 820
380, 1654, 838, 1678, 830
381, 1650, 851, 1672, 827
382, 1655, 844, 1649, 852
383, 1656, 862, 1637, 845
384, 1661, 678, 1658, 1003
385, 1653, 833, 1730, 784
386, 1698, 843, 1649, 810
387, 1680, 838, 1637, 845
388, 1651, 827, 1678, 844
389, 1659, 842, 1687, 812
390, 1664, 840, 1661, 835
391, 1668, 836, 1668, 828
392, 2086, 340, 1441, 1133
393, 1677, 855, 1652, 816
394, 1642, 833, 1659, 866
395, 1683, 827, 1668, 822
396, 1675, 836, 1666, 823
397, 1656, 855, 1650, 839
398, 1655, 808, 1693, 844
399, 1671, 821, 1638, 870
400, 837, 1680, 824, 1659
401, 1639, 867, 1653, 841
402, 1628, 856, 1673, 843
403, 1621, 818, 1684, 877
404, 1683, 802, 1674, 841
405, 1662, 846, 1665, 827
406, 1651, 858, 1679, 812
407, 1681, 812, 1677, 830
408, 1633, 849, 1696, 822
409, 1655, 859, 1659, 827
410, 1672, 838, 1631, 859
411, 1640, 812, 1666, 882
412, 1663, 834, 1672, 831
413, 1659, 825, 1680, 836
414, 1671, 817, 1657, 855
415, 1664, 807, 1676, 853
416, 1650, 838, 1685, 827
417, 1693, 832, 1642, 833
418, 1647, 807, 1736, 810
419, 1649, 838, 1684, 829
420, 1675, 810, 1652, 863
421, 1650, 837, 1690, 823
422, 1658, 795, 1738, 809
423, 1628, 869, 1672, 831
424, 1666, 836, 1655, 843
425, 1653, 834, 1680, 833
426, 1681, 834, 1639, 846
427, 1618, 836, 1696, 850
428, 1654, 860, 1685, 801
429, 1674, 846, 1686, 794
430, 1620, 875, 1667, 838
431, 1679, 792, 1672, 857
432, 1658, 842, 1665, 835
433, 1672, 824, 1670, 834
434, 1643, 885, 1640, 832
435, 1668, 845, 1643, 844
436, 1666, 830, 1656, 848
437, 1648, 893, 1643, 816
438, 1637, 827, 1706, 830
439, 1674, 831, 1627, 868
440, 1646, 853, 1702, 799
441, 834, 1663, 836, 1667
442, 1642, 818, 1698, 842
443, 1658, 850, 1673, 819
444, 1667, 837, 1671, 825
445, 1634, 847, 1720, 799
446, 1661, 822, 1682, 835
447, 1649, 855, 1645, 851
448, 1658, 832, 1680, 830
449, 1671, 832, 1658, 839
450, 2084, 332, 1454, 1130
451, 1672, 839, 1670, 819
452, 1651, 849, 1649, 851
453, 1656, 828, 1679, 837
454, 1691, 817, 1647, 845
455, 1683, 844, 1634, 839
456, 1658, 811, 1702, 829
457, 1647, 853, 1694, 806
458, 1624, 805, 1710, 861
459, 1653, 847, 1635, 865
460, 1646, 861, 1681, 812
461, 1655, 864, 1674, 807
462, 1654, 832, 1707, 807
463, 1651, 874, 1611, 864
464, 1670, 858, 1677, 795
465, 1669, 813, 1687, 831
466, 1635, 828, 1711, 826
467, 1654, 819, 1680, 847
468, 1659, 853, 1651, 837
469, 1667, 870, 1645, 818
470, 1687, 840, 1665, 808
471, 1655, 820, 1682, 843
472, 1664, 843, 1620, 873
473, 1649, 844, 1690, 817
474, 1666, 832, 1671, 831
475, 1664, 873, 1657, 806
476, 1646, 826, 1674, 854
477, 1650, 780, 1713, 857
478, 1663, 815, 1692, 830
479, 1643, 814, 1675, 868
480, 1653, 867, 1672, 808
481, 1663, 830, 1657, 850
482, 1690, 836, 1667, 807
483, 1655, 842, 1632, 871
484, 833, 1654, 834, 1679
485, 1650, 836, 1671, 843
486, 1662, 663, 1658, 1017
487, 1637, 846, 1659, 858
488, 1662, 825, 1693, 820
489, 1677, 842, 1649, 832
490, 1665, 821, 1689, 825
491, 1653, 867, 1646, 834
492, 1650, 830, 1666, 854
493, 1649, 853, 1633, 865
494, 1651, 830, 1695, 824
495, 1659, 858, 1682, 801
496, 1659, 826, 1664, 851
497, 1647, 803, 1691, 859
498, 1633, 812, 1714, 841
499, 1676, 815, 1689, 820
500, 1664, 831, 1669, 836
501, 1672, 840, 1626, 862
502, 1680, 829, 1665, 826
503, 1640, 830, 1659, 871
504, 1651, 808, 1663, 878
505, 1651, 816, 1708, 825
506, 1613, 840, 1667, 880
507, 1678, 832, 1655, 835
508, 1656, 809, 1698, 837
509, 1657, 837, 1667, 839
510, 1685, 836, 1639, 840
511, 1649, 807, 1664, 880
512, 2095, 547, 1463, 895
513, 1666, 812, 1672, 850
514, 1638, 895, 1644, 823
515, 1656, 827, 1672, 845
516, 1662, 800, 1681, 857
517, 1648, 851, 1658, 843
518, 1660, 851, 1681, 808
519, 1660, 814, 1665, 861
520, 1663, 835, 1682, 820
521, 1656, 822, 1693, 829
522, 1634, 827, 1688, 851
523, 1660, 821, 1695, 824
524, 1659, 834, 1670, 837
525, 1664, 830, 1676, 830
526, 1671, 819, 1696, 814
527, 1659, 855, 1668, 818
528, 1656, 827, 1692, 825
529, 842, 1675, 826, 1657
530, 1649, 847, 1679, 825
531, 1657, 797, 1688, 858
532, 1660, 823, 1669, 848
533, 1657, 830, 1674, 839
534, 1643, 851, 1646, 860
535, 1660, 826, 1677, 837
536, 1639, 830, 1695, 836
537, 1653, 854, 1658, 835
538, 1633, 801, 1727, 839
539, 1657, 839, 1665, 839
540, 1663, 818, 1680, 839
541, 1637, 845, 1699, 819
542, 1678, 844, 1650, 828
543, 1655, 840, 1651, 854
544, 1668, 795, 1689, 848
545, 1659, 827, 1677, 837
546, 1665, 849, 1692, 794
547, 1649, 828, 1681, 842
548, 1672, 837, 1638, 853
549, 1645, 831, 1689, 835
550, 1644, 835, 1672, 849
551, 1641, 831, 1714, 814
552, 1658, 850, 1647, 845
553, 1653, 819, 1697, 831
554, 1682, 827, 1667, 824
555, 1634, 862, 1682, 822
556, 1660, 820, 1696, 824
557, 1671, 821, 1687, 821
558, 1675, 814, 1683, 828
559, 1665, 838, 1634, 863
560, 1665, 827, 1678, 830
561, 1677, 878, 1649, 796
562, 1664, 835, 1674, 827
563, 1635, 840, 1692, 833
564, 1674, 878, 1633, 815
565, 1643, 850, 1691, 816
566, 1644, 821, 1717, 818
567, 1655, 855, 1679, 811
568, 1654, 814, 1694, 838
569, 1655, 832, 1717, 796
570, 1681, 809, 1685, 825
571, 1688, 815, 1671, 826
572, 1643, 836, 1694, 827
573, 1669, 832, 1670, 829
574, 1648, 830, 1667, 855
575, 1666, 819, 1659, 856
576, 824, 1679, 830, 1667
577, 1665, 817, 1707, 811
578, 2089, 337, 1455, 1119
579, 1666, 825, 1678, 831
580, 1656, 857, 1668, 819
581, 1674, 835, 1661, 830
582, 1670, 871, 1642, 817
583, 1650, 852, 1662, 836
584, 1648, 838, 1654, 860
585, 1653, 846, 1685, 816
586, 1681, 847, 1655, 817
587, 1664, 843, 1658, 835
588, 1670, 840, 1668, 822
589, 1683, 847, 1642, 828
590, 1654, 825, 1681, 840
591, 1699, 824, 1652, 825
592, 1660, 856, 1677, 807
593, 1660, 834, 1663, 843
594, 1668, 829, 1651, 852
595, 1641, 860, 1681, 818
596, 1662, 855, 1688, 795
597, 1652, 777, 1693, 878
598, 1670, 815, 1687, 828
599, 1678, 839, 1647, 836
600, 1673, 662, 1670, 995
601, 1659, 846, 1677, 818
602, 1647, 821, 1670, 862
603, 1675, 824, 1684, 817
604, 1677, 806, 1647, 870
605, 1668, 816, 1664, 852
606, 1645, 860, 1676, 819
607, 1664, 823, 1681, 832
608, 1658, 830, 1671, 841
609, 1653, 812, 1697, 838
610, 1673, 848, 1651, 828
611, 1672, 830, 1685, 813
612, 1651, 818, 1683, 848
613, 1642, 817, 1686, 855
614, 1646, 840, 1681, 833
615, 1679, 829, 1675, 817
616, 1673, 830, 1666, 831
617, 1654, 844, 1665, 837
618, 1642, 827, 1693, 838
619, 1672, 839, 1623, 866
620, 1646, 796, 1693, 865
621, 1652, 832, 1667, 849
622, 1668, 851, 1665, 816
623, 1658, 840, 1647, 855
624, 1651, 839, 1666, 844
625, 426, 2063, 419, 2092
626, 1645, 837, 1691, 827
627, 1641, 859, 1682, 818
628, 1663, 844, 1658, 835
629, 1660, 823, 1704, 813
630, 1664, 842, 1666, 828
631, 1642, 843, 1665, 850
632, 1672, 838, 1642, 848
633, 1674, 855, 1649, 822
634, 1647, 841, 1689, 823
635, 1641, 824, 1694, 841
636, 1639, 831, 1674, 856
637, 1660, 851, 1659, 830
638, 1658, 827, 1676, 839
639, 1655, 852, 1655, 838
640, 1659, 846, 1683, 812
641, 1664, 845, 1689, 802
642, 1680, 847, 1672, 801
643, 1657, 786, 1708, 849
644, 1655, 830, 1681, 834
645, 1666, 828, 1688, 818
646, 1682, 851, 1666, 801
647, 1665, 833, 1691, 811
648, 2090, 314, 1453, 1143
649, 1664, 823, 1674, 839
650, 1661, 843, 1700, 796
651, 1663, 860, 1670, 807
652, 1667, 832, 1681, 820
653, 1647, 879, 1653, 821
654, 1655, 814, 1683, 848
655, 1647, 851, 1667, 835
656, 1652, 811, 1681, 856
657, 1668, 837, 1675, 820
658, 1658, 822, 1666, 854
659, 1673, 846, 1672, 809
660, 1691, 819, 1657, 833
661, 1670, 862, 1638, 830
662, 1638, 829, 1678, 855
663, 1684, 803, 1680, 833
664, 1653, 851, 1681, 815
665, 1669, 805, 1674, 852
666, 1673, 824, 1693, 810
667, 1666, 819, 1679, 836
668, 1638, 837, 1685, 840
669, 1653, 875, 1694, 778
670, 1648, 852, 1662, 838
671, 1635, 824, 1669, 872
672, 1663, 813, 1698, 826
673, 1677, 826, 1655, 842
674, 1667, 841, 1633, 859
675, 1663, 824, 1681, 832
676, 826, 1692, 818, 1664
677, 1631, 894, 1647, 828
678, 1674, 844, 1644, 838
679, 1667, 848, 1651, 834
680, 1661, 814, 1681, 844
681, 1662, 814, 1648, 876
682, 1675, 815, 1674, 836
683, 1653, 816, 1713, 818
684, 1661, 809, 1677, 853
685, 1653, 842, 1673, 832
686, 1666, 823, 1664, 847
687, 1690, 861, 1647, 802
688, 1658, 835, 1653, 854
689, 1631, 854, 1699, 816
690, 1651, 830, 1675, 844
691, 1657, 844, 1632, 867
692, 1673, 833, 1684, 810
693, 1644, 864, 1647, 845
694, 1635, 860, 1711, 794
695, 1672, 773, 1696, 859
696, 1652, 821, 1688, 839
697, 1641, 826, 1697, 836
698, 1689, 846, 1655, 810
699, 1648, 818, 1705, 829
700, 1658, 835, 1674, 833
701, 1655, 850, 1679, 816
702, 1660, 847, 1642, 851
703, 1702, 811, 1685, 802
704, 1679, 854, 1636, 831
705, 1681, 837, 1624, 858
706, 1650, 857, 1671, 822
707, 1631, 855, 1661, 853
708, 1650, 829, 1649, 872
709, 1658, 788, 1684, 870
710, 1656, 851, 1659, 834
711, 1651, 809, 1690, 850
712, 1621, 869, 1699, 811
713, 1668, 802, 1680, 850
714, 1660, 868, 1652, 820
715, 1644, 834, 1681, 841
716, 1689, 816, 1660, 835
717, 1664, 838, 1659, 839
718, 1636, 823, 1664, 877
719, 1666, 853, 1643, 838
720, 1660, 842, 1655, 843
721, 1669, 820, 1685, 826
722, 2097, 305, 1446, 1152
723, 1631, 812, 1737, 820
724, 1660, 849, 1620, 871
725, 1675, 808, 1663, 854
726, 1649, 656, 1689, 1006
727, 1666, 841, 1653, 840
728, 1662, 818, 1655, 865
729, 829, 1656, 828, 1687
730, 1640, 798, 1706, 856
731, 1650, 834, 1672, 844
732, 1646, 845, 1672, 837
733, 1659, 860, 1658, 823
734, 1668, 813, 1668, 851
735, 1680, 830, 1666, 824
736, 1670, 831, 1665, 834
737, 1656, 846, 1671, 827
738, 1664, 833, 1699, 804
739, 1649, 835, 1680, 836
740, 1665, 825, 1664, 846
741, 1672, 844, 1662, 822
742, 1648, 854, 1646, 852
743, 1649, 846, 1657, 848
744, 1664, 819, 1679, 838
745, 1641, 815, 1675, 869
746, 1664, 828, 1651, 857
747, 1651, 854, 1671, 824
748, 1682, 862, 1650, 806
749, 1665, 844, 1660, 831
750, 1644, 856, 1689, 811
751, 1684, 800, 1676, 840
752, 1670, 856, 1657, 817
753, 1646, 834, 1731, 789
754, 1657, 814, 1651, 878
755, 1641, 859, 1674, 826
756, 1669, 851, 1669, 811
757, 1647, 812, 1692, 849
758, 1670, 823, 1703, 804
759, 1661, 826, 1684, 829
760, 1680, 839, 1642, 839
761, 1664, 865, 1680, 791
762, 1646, 840, 1694, 820
763, 1662, 855, 1671, 812
764, 1652, 840, 1693, 815
765, 1650, 807, 1693, 850
766, 1644, 808, 1704, 844
767, 1666, 817, 1698, 819
768, 1659, 843, 1664, 834
769, 1661, 864, 1660, 815
770, 1684, 827, 1665, 824
771, 1672, 818, 1667, 843
772, 1632, 823, 1709, 836
773, 1652, 849, 1652, 847
774, 1658, 836, 1663, 843
775, 1664, 844, 1676, 816
776, 1690, 833, 1627, 850
777, 1648, 851, 1654, 847
778, 1669, 872, 1639, 820
779, 1647, 858, 1653, 842
780, 1649, 835, 1698, 818
781, 1661, 818, 1690, 831
782, 1633, 856, 1677, 834
783, 1669, 812, 1682, 837
784, 832, 1671, 826, 1671
785, 1639, 822, 1722, 817
786, 1649, 850, 1675, 826
787, 1642, 833, 1650, 875
788, 1666, 846, 1652, 836
789, 1651, 842, 1690, 817
790, 1642, 851, 1681, 826
791, 1670, 868, 1648, 814
792, 1674, 841, 1656, 829
793, 1664, 835, 1657, 844
794, 1656, 837, 1694, 813
795, 1627, 841, 1652, 880
796, 1666, 859, 1672, 803
797, 1654, 847, 1668, 831
798, 1648, 845, 1655, 852
799, 1638, 850, 1649, 863
800, 2099, 332, 1447, 1122
801, 1678, 803, 1667, 852
802, 1666, 826, 1671, 837
803, 1650, 837, 1693, 820
804, 1646, 828, 1667, 859
805, 1678, 845, 1627, 850
806, 1685, 862, 1638, 815
807, 1660, 823, 1662, 855
808, 1652, 859, 1648, 841
809, 1654, 830, 1671, 845
810, 1662, 834, 1658, 846
811, 1664, 879, 1643, 814
812, 1674, 786, 1716, 824
813, 1673, 858, 1649, 820
814, 1649, 819, 1721, 811
815, 1667, 817, 1697, 819
816, 1670, 861, 1646, 823
817, 1654, 813, 1685, 848
818, 1672, 824, 1654, 850
819, 1645, 830, 1681, 844
820, 1681, 835, 1649, 835
821, 1709, 833, 1622, 836
822, 1662, 833, 1666, 839
823, 1645, 839, 1695, 821
824, 1654, 856, 1654, 836
825, 1646, 840, 1683, 831
826, 1627, 849, 1718, 806
827, 1652, 857, 1644, 847
828, 1661, 828, 1666, 845
829, 1682, 808, 1669, 841
830, 1651, 841, 1686, 822
831, 1647, 836, 1706, 811
832, 1656, 853, 1678, 813
833, 1641, 891, 1683, 785
834, 1633, 866, 1682, 819
835, 1674, 836, 1641, 849
836, 1661, 856, 1659, 824
837, 1651, 815, 1693, 841
838, 1678, 836, 1637, 849
839, 1670, 839, 1671, 820
840, 1629, 832, 1688, 851
841, 840, 1663, 831, 1666
842, 1688, 818, 1674, 820
843, 1651, 851, 1660, 838
844, 1667, 856, 1667, 810
845, 1656, 813, 1669, 862
846, 1664, 830, 1671, 835
847, 1656, 879, 1660, 805
848, 1651, 826, 1700, 823
849, 1658, 842, 1656, 844
850, 1677, 813, 1655, 855
851, 1674, 829, 1651, 846
852, 1662, 838, 1627, 873
853, 1669, 830, 1679, 822
854, 1681, 800, 1646, 873
855, 1638, 851, 1652, 859
856, 1644, 839, 1715, 802
857, 1675, 863, 1638, 824
858, 1662, 837, 1671, 830
859, 1648, 837, 1663, 852
860, 1647, 827, 1691, 835
861, 1666, 842, 1653, 839
862, 1666, 843, 1642, 849
863, 1674, 848, 1652, 826
864, 1660, 670, 1660, 1010
865, 1664, 827, 1672, 837
866, 1659, 851, 1646, 844
867, 1660, 820, 1690, 830
868, 1670, 814, 1656, 860
869, 1681, 852, 1629, 838
870, 1638, 824, 1725, 813
871, 1669, 855, 1658, 818
872, 1663, 848, 1672, 817
873, 1632, 824, 1704, 840
874, 1639, 817, 1681, 863
875, 1654, 832, 1673, 841
876, 1644, 821, 1687, 848
877, 1662, 865, 1665, 808
878, 1657, 821, 1673, 849
879, 1644, 862, 1670, 824
880, 1661, 845, 1688, 806
881, 1659, 818, 1666, 857
882, 2072, 340, 1478, 1110
883, 1637, 801, 1717, 845
884, 1660, 847, 1663, 830
885, 1645, 836, 1662, 857
886, 1664, 813, 1678, 845
887, 1641, 853, 1673, 833
888, 1663, 850, 1675, 812
889, 1635, 811, 1696, 858
890, 1656, 832, 1692, 820
891, 1669, 829, 1690, 812
892, 1661, 830, 1677, 832
893, 1659, 869, 1638, 834
894, 1690, 795, 1656, 859
895, 1668, 838, 1646, 848
896, 1665, 816, 1657, 862
897, 1661, 834, 1690, 815
898, 1617, 861, 1685, 837
899, 1663, 836, 1692, 809
900, 832, 1685, 825, 1658
901, 1659, 870, 1664, 807
902, 1653, 839, 1626, 882
903, 1663, 821, 1685, 831
904, 1660, 853, 1640, 847
905, 1672, 847, 1651, 830
906, 1666, 835, 1672, 827
907, 1646, 808, 1704, 842
908, 1625, 866, 1672, 837
909, 1673, 824, 1684, 819
910, 1644, 841, 1663, 852
911, 1685, 831, 1672, 812
912, 1692, 832, 1660, 816
913, 1650, 821, 1692, 837
914, 1649, 849, 1649, 853
915, 1653, 861, 1653, 833
916, 1674, 813, 1655, 858
917, 1625, 832, 1712, 831
918, 1651, 831, 1687, 831
919, 1664, 809, 1700, 827
920, 1659, 847, 1664, 830
921, 1648, 834, 1684, 834
922, 1636, 838, 1689, 837
923, 1620, 890, 1647, 843
924, 1650, 815, 1660, 875
925, 1638, 836, 1694, 832
926, 1657, 879, 1634, 830
927, 1657, 852, 1652, 839
928, 1680, 838, 1668, 814
929, 1672, 873, 1631, 824
930, 1663, 829, 1649, 859
931, 1652, 853, 1676, 819
932, 1684, 827, 1653, 836
933, 1645, 814, 1692, 849
934, 1657, 842, 1672, 829
935, 1636, 818, 1697, 849
936, 1667, 845, 1676, 812
937, 1652, 832, 1673, 843
938, 1659, 833, 1679, 829
939, 1646, 853, 1658, 843
940, 1636, 816, 1684, 864
941, 1648, 844, 1690, 818
942, 1644, 872, 1672, 812
943, 1653, 859, 1687, 801
944, 1646, 814, 1681, 859
945, 1669, 838, 1665, 828
946, 1659, 853, 1683, 805
947, 1658, 795, 1715, 832
948, 1663, 829, 1659, 849
949, 1638, 836, 1710, 816
950, 1630, 839, 1695, 836
951, 1632, 835, 1693, 840
952, 1659, 852, 1642, 847
953, 1664, 866, 1655, 815
954, 1658, 833, 1656, 853
955, 1654, 830, 1687, 829
956, 1662, 843, 1677, 818
957, 1640, 817, 1699, 844
958, 1678, 838, 1660, 824
959, 1680, 836, 1664, 820
960, 1675, 823, 1656, 846
961, 841, 1649, 819, 1691
962, 1657, 857, 1653, 833
963, 1622, 878, 1706, 794
964, 1632, 856, 1682, 830
965, 1638, 840, 1680, 842
966, 1641, 838, 1642, 879
967, 1666, 853, 1666, 815
968, 2079, 317, 1466, 1138
969, 1656, 813, 1682, 849
970, 1611, 843, 1706, 840
971, 1686, 813, 1685, 816
972, 1656, 837, 1689, 818
973, 1635, 823, 1684, 858
974, 1657, 847, 1642, 854
975, 1654, 844, 1664, 838
976, 1661, 843, 1701, 795
977, 1638, 828, 1682, 852
978, 1663, 844, 1656, 837
979, 1678, 839, 1639, 844
980, 1664, 829, 1664, 843
981, 1677, 852, 1672, 799
982, 1662, 809, 1663, 866
983, 1625, 868, 1663, 844
984, 1678, 843, 1652, 827
985, 1658, 838, 1677, 827
986, 1645, 825, 1655, 875
987, 1667, 856, 1656, 821
988, 1648, 851, 1654, 847
989, 1644, 794, 1709, 853
990, 1661, 826, 1691, 822
991, 1679, 845, 1673, 803
992, 1671, 836, 1663, 830
993, 1667, 833, 1639, 861
994, 1637, 854, 1690, 819
995, 1655, 816, 1689, 840
996, 1674, 845, 1651, 830
997, 1648, 866, 1667, 819
998, 1646, 827, 1699, 828
999, 1658, 839, 1672, 831
1000, 1656, 845, 1670, 829
1001, 1659, 825, 1666, 850
1002, 1642, 807, 1701, 850
1003, 1662, 801, 1683, 854
1004, 1635, 871, 1664, 830
1005, 1622, 823, 1714, 841
1006, 1670, 828, 1671, 831
1007, 1642, 858, 1652, 848
1008, 1671, 827, 1683, 819
1009, 1693, 824, 1624, 859
1010, 1668, 833, 1656, 843
1011, 1663, 820, 1695, 822
1012, 1662, 829, 1670, 839
1013, 1646, 829, 1666, 859
1014, 1652, 670, 1663, 1015
1015, 1679, 841, 1624, 856
1016, 1667, 807, 1670, 856
1017, 1650, 831, 1668, 851
1018, 1677, 836, 1651, 836
1019, 1678, 800, 1672, 850
1020, 1677, 790, 1685, 848
1021, 1651, 839, 1675, 835
1022, 1656, 863, 1641, 840
1023, 1655, 865, 1658, 822
1024, 419, 1459, 1676, 1446
1025, 1640, 814, 1697, 849
1026, 1653, 834, 1680, 833
1027, 1672, 812, 1696, 820
1028, 1678, 810, 1645, 867
1029, 1677, 825, 1666, 832
1030, 1639, 822, 1692, 847
1031, 1652, 859, 1653, 836
1032, 1637, 846, 1694, 823
1033, 1637, 826, 1728, 809
1034, 1627, 822, 1683, 868
1035, 1635, 847, 1681, 837
1036, 1655, 842, 1688, 815
1037, 1638, 824, 1689, 849
1038, 1657, 876, 1657, 810
1039, 1669, 851, 1647, 833
1040, 1672, 840, 1670, 818
1041, 1661, 840, 1716, 783
1042, 1634, 863, 1703, 800
1043, 1684, 828, 1672, 816
1044, 1643, 840, 1677, 840
1045, 1636, 873, 1645, 846
1046, 1667, 825, 1666, 842
1047, 1673, 801, 1653, 873
1048, 1640, 821, 1700, 839
1049, 1670, 792, 1681, 857
1050, 1663, 820, 1654, 863
1051, 1641, 834, 1707, 818
1052, 1662, 819, 1687, 832
1053, 1658, 840, 1684, 818
1054, 1638, 802, 1712, 848
1055, 1655, 873, 1628, 844
1056, 1679, 805, 1694, 822
1057, 1665, 847, 1670, 818
1058, 2085, 327, 1461, 1127
1059, 1656, 855, 1677, 812
1060, 1659, 832, 1680, 829
1061, 1661, 827, 1661, 851
1062, 1669, 838, 1629, 864
1063, 1641, 828, 1690, 841
1064, 1649, 816, 1705, 830
1065, 1608, 823, 1738, 831
1066, 1677, 830, 1631, 862
1067, 1677, 806, 1698, 819
1068, 1651, 821, 1680, 848
1069, 1657, 845, 1661, 837
1070, 1672, 821, 1672, 835
1071, 1643, 854, 1648, 855
1072, 1694, 819, 1654, 833
1073, 1642, 820, 1669, 869
1074, 1662, 839, 1676, 823
1075, 1655, 855, 1676, 814
1076, 1651, 881, 1639, 829
1077, 1678, 842, 1621, 859
1078, 1666, 812, 1669, 853
1079, 1646, 878, 1649, 827
1080, 1643, 847, 1683, 827
1081, 1644, 810, 1698, 848
1082, 1641, 849, 1691, 819
1083, 1650, 827, 1672, 851
1084, 1660, 861, 1641, 838
1085, 1670, 831, 1675, 824
1086, 1671, 839, 1654, 836
1087, 1636, 810, 1660, 894
1088, 1653, 844, 1666, 837
1089, 838, 1683, 819, 1660
1090, 1655, 853, 1643, 849
1091, 1662, 854, 1665, 819
1092, 1657, 843, 1661, 839
1093, 1649, 819, 1688, 844
1094, 1651, 833, 1670, 846
1095, 1685, 854, 1650, 811
1096, 1641, 809, 1681, 869
1097, 1653, 842, 1683, 822
1098, 1663, 836, 1684, 817
1099, 1626, 818, 1702, 854
1100, 1673, 826, 1670, 831
1101, 1681, 831, 1631, 857
1102, 1673, 820, 1657, 850
1103, 1665, 799, 1702, 834
1104, 1655, 853, 1655, 837
1105, 1649, 856, 1695, 800
1106, 1667, 836, 1684, 813
1107, 1646, 837, 1642, 875
1108, 1642, 834, 1696, 828
1109, 1652, 832, 1688, 828
1110, 1646, 818, 1715, 821
1111, 1648, 836, 1721, 795
1112, 1640, 844, 1674, 842
1113, 1628, 805, 1704, 863
1114, 1658, 816, 1682, 844
1115, 1676, 827, 1666, 831
1116, 1653, 832, 1692, 823
1117, 1636, 838, 1702, 824
1118, 1643, 877, 1641, 839
1119, 1684, 845, 1670, 801
1120, 1663, 841, 1669, 827
1121, 1681, 838, 1683, 798
1122, 1644, 829, 1688, 839
1123, 1654, 812, 1707, 827
1124, 1673, 859, 1658, 810
1125, 1657, 831, 1659, 853
1126, 1686, 840, 1647, 827
1127, 1667, 826, 1685, 822
1128, 1644, 797, 1701, 858
1129, 1619, 805, 1730, 846
1130, 1683, 812, 1683, 822
1131, 1659, 859, 1661, 821
1132, 1653, 829, 1672, 846
1133, 1622, 837, 1674, 867
1134, 1668, 791, 1686, 855
1135, 1651, 870, 1666, 813
1136, 1671, 844, 1688, 797
1137, 1669, 823, 1648, 860
1138, 1636, 828, 1723, 813
1139, 1660, 857, 1671, 812
1140, 1634, 840, 1687, 839
1141, 1653, 850, 1680, 817
1142, 1638, 842, 1673, 847
1143, 1649, 844, 1687, 820
1144, 1661, 849, 1652, 838
1145, 1682, 816, 1689, 813
1146, 1653, 834, 1684, 829
1147, 1673, 829, 1642, 856
1148, 1660, 810, 1701, 829
1149, 1637, 840, 1699, 824
1150, 1660, 814, 1682, 844
1151, 1641, 826, 1664, 869
1152, 2094, 308, 1450, 1148
1153, 1650, 817, 1692, 841
1154, 1646, 853, 1701, 800
1155, 1657, 845, 1691, 807
1156, 832, 1631, 836, 1701
1157, 1690, 853, 1642, 815
1158, 1662, 842, 1652, 844
1159, 1670, 829, 1645, 856
1160, 1667, 819, 1696, 818
1161, 1662, 836, 1681, 821
1162, 1650, 785, 1692, 873
1163, 1646, 838, 1693, 823
1164, 1664, 834, 1655, 847
1165, 1637, 863, 1693, 807
1166, 1668, 833, 1639, 860
1167, 1654, 868, 1648, 830
1168, 1671, 821, 1663, 845
1169, 1670, 827, 1661, 842
1170, 1656, 832, 1704, 808
1171, 1673, 821, 1648, 858
1172, 1657, 832, 1670, 841
1173, 1661, 788, 1706, 845
1174, 1665, 832, 1642, 861
1175, 1662, 826, 1656, 856
1176, 1653, 675, 1667, 1005
1177, 1640, 828, 1729, 803
1178, 1640, 804, 1687, 869
1179, 1642, 823, 1671, 864
1180, 1651, 823, 1685, 841
1181, 1669, 818, 1682, 831
1182, 1653, 836, 1704, 807
1183, 1650, 832, 1689, 829
1184, 1668, 841, 1682, 809
1185, 1668, 804, 1708, 820
1186, 1642, 847, 1657, 854
1187, 1695, 813, 1676, 816
1188, 1651, 859, 1690, 800
1189, 1654, 856, 1658, 832
1190, 1645, 891, 1655, 809
1191, 1648, 866, 1683, 803
1192, 1617, 815, 1706, 862
1193, 1654, 860, 1660, 826
1194, 1678, 859, 1645, 818
1195, 1685, 844, 1653, 818
1196, 1674, 826, 1676, 824
1197, 1656, 839, 1691, 814
1198, 1625, 845, 1704, 826
1199, 1657, 868, 1636, 839
1200, 1665, 840, 1684, 811
1201, 1646, 825, 1697, 832
1202, 1640, 845, 1682, 833
1203, 1624, 829, 1706, 841
1204, 1665, 845, 1661, 829
1205, 1675, 807, 1649, 869
1206, 1614, 824, 1711, 851
1207, 1658, 874, 1654, 814
1208, 1648, 868, 1627, 857
1209, 1655, 847, 1673, 825
1210, 1671, 857, 1669, 803
1211, 1653, 844, 1647, 856
1212, 1660, 838, 1706, 796
1213, 1647, 814, 1676, 863
1214, 1671, 853, 1660, 816
1215, 1685, 835, 1669, 811
1216, 1667, 822, 1660, 851
1217, 1666, 870, 1672, 792
1218, 1666, 853, 1640, 841
1219, 1675, 847, 1661, 817
1220, 1668, 842, 1660, 830
1221, 1672, 822, 1660, 846
1222, 1653, 837, 1696, 814
1223, 1671, 827, 1640, 862
1224, 1654, 839, 1681, 826
1225, 835, 1668, 838, 1659
1226, 1660, 830, 1643, 867
1227, 1669, 808, 1675, 848
1228, 1659, 828, 1654, 859
1229, 1676, 821, 1670, 833
1230, 1650, 828, 1675, 847
1231, 1668, 831, 1701, 800
1232, 1652, 846, 1644, 858
1233, 1659, 825, 1663, 853
1234, 1685, 841, 1650, 824
1235, 1645, 819, 1657, 879
1236, 1672, 802, 1675, 851
1237, 1654, 866, 1684, 796
1238, 1641, 841, 1655, 863
1239, 1655, 835, 1650, 860
1240, 1664, 864, 1638, 834
1241, 1675, 855, 1663, 807
1242, 1672, 834, 1650, 844
1243, 1647, 841, 1702, 810
1244, 1636, 854, 1686, 824
1245, 1697, 815, 1643, 845
1246, 1625, 826, 1709, 840
1247, 1665, 839, 1645, 851
1248, 1669, 843, 1640, 848
1249, 1672, 824, 1658, 846
1250, 2075, 342, 1457, 1126
1251, 1647, 855, 1681, 817
1252, 1658, 858, 1659, 825
1253, 1650, 849, 1664, 837
1254, 1623, 863, 1682, 832
1255, 1615, 817, 1695, 873
1256, 1655, 865, 1690, 790
1257, 1665, 861, 1669, 805
1258, 1662, 822, 1680, 836
1259, 1663, 846, 1656, 835
1260, 1672, 843, 1670, 815
1261, 1654, 859, 1652, 835
1262, 1657, 853, 1670, 820
1263, 1646, 813, 1669, 872
1264, 1656, 839, 1642, 863
1265, 1647, 857, 1652, 844
1266, 1652, 802, 1690, 856
1267, 1684, 845, 1651, 820
1268, 1634, 823, 1710, 833
1269, 1685, 873, 1639, 803
1270, 1680, 845, 1635, 840
1271, 1681, 849, 1641, 829
1272, 1676, 846, 1641, 837
1273, 1658, 840, 1671, 831
1274, 1660, 849, 1668, 823
1275, 1651, 824, 1661, 864
1276, 1653, 815, 1693, 839
1277, 1682, 836, 1662, 820
1278, 1649, 818, 1683, 850
1279, 1674, 830, 1666, 830
1280, 1669, 845, 1658, 828
1281, 1632, 832, 1736, 800
1282, 1648, 807, 1731, 814
1283, 1683, 796, 1680, 841
1284, 1646, 827, 1682, 845
1285, 1651, 831, 1706, 812
1286, 1634, 866, 1661, 839
1287, 1642, 825, 1690, 843
1288, 1644, 850, 1664, 842
1289, 1664, 847, 1663, 826
1290, 1647, 846, 1681, 826
1291, 1647, 842, 1660, 851
1292, 1652, 831, 1665, 852
1293, 1648, 850, 1681, 821
1294, 1671, 856, 1666, 807
1295, 1670, 845, 1673, 812
1296, 427, 2077, 403, 2093
1297, 1630, 835, 1699, 836
1298, 1644, 809, 1676, 871
1299, 1660, 828, 1655, 857
1300, 1671, 837, 1672, 820
1301, 1663, 841, 1665, 831
1302, 1629, 852, 1674, 845
1303, 1642, 830, 1691, 837
1304, 1655, 851, 1655, 839
1305, 1657, 831, 1692, 820
1306, 1667, 814, 1679, 840
1307, 1647, 830, 1675, 848
1308, 1656, 827, 1667, 850
1309, 1659, 834, 1679, 828
1310, 1675, 838, 1646, 841
1311, 1669, 809, 1694, 828
1312, 1666, 832, 1681, 821
1313, 1643, 810, 1703, 844
1314, 1647, 824, 1671, 858
1315, 1643, 814, 1712, 831
1316, 1667, 836, 1677, 820
1317, 1682, 823, 1664, 831
1318, 1642, 833, 1666, 859
1319, 1648, 881, 1627, 844
1320, 1639, 825, 1719, 817
1321, 1687, 812, 1644, 857
1322, 1660, 832, 1664, 844
1323, 1665, 809, 1674, 852
1324, 1655, 856, 1636, 853
1325, 1656, 830, 1672, 842
1326, 1649, 868, 1642, 841
1327, 1639, 881, 1643, 837
1328, 1674, 814, 1669, 843
1329, 1679, 838, 1655, 828
1330, 1669, 871, 1630, 830
1331, 1676, 824, 1667, 833
1332, 1638, 853, 1664, 845
1333, 1660, 825, 1683, 832
1334, 1635, 863, 1666, 836
1335, 1655, 811, 1674, 860
1336, 1684, 824, 1636, 856
1337, 1646, 826, 1698, 830
1338, 1664, 839, 1672, 825
1339, 1695, 845, 1606, 854
1340, 1673, 823, 1708, 796
1341, 1680, 830, 1665, 825
1342, 1667, 816, 1659, 858
1343, 1673, 832, 1680, 815
1344, 1677, 839, 1646, 838
1345, 1649, 854, 1665, 832
1346, 1637, 823, 1702, 838
1347, 1631, 837, 1730, 802
1348, 1642, 867, 1672, 819
1349, 1667, 815, 1697, 821
1350, 1664, 642, 1670, 1024
1351, 1640, 861, 1678, 821
1352, 2085, 290, 1457, 1168
1353, 1665, 870, 1630, 835
1354, 1676, 837, 1657, 830
1355, 1663, 878, 1643, 816
1356, 1660, 810, 1664, 866
1357, 1645, 820, 1687, 848
1358, 1641, 812, 1702, 845
1359, 1675, 793, 1684, 848
1360, 1671, 863, 1637, 829
1361, 1635, 840, 1690, 835
1362, 1652, 816, 1695, 837
1363, 1655, 846, 1665, 834
1364, 1656, 878, 1662, 804
1365, 1664, 861, 1647, 828
1366, 1664, 842, 1689, 805
1367, 1661, 833, 1645, 861
1368, 1653, 841, 1674, 832
1369, 837, 1665, 820, 1678
1370, 1675, 817, 1642, 866
1371, 1669, 857, 1665, 809
1372, 1658, 824, 1679, 839
1373, 1654, 829, 1652, 865
1374, 1641, 815, 1686, 858
1375, 1657, 855, 1669, 819
1376, 1658, 825, 1678, 839
1377, 1657, 828, 1682, 833
1378, 1684, 821, 1648, 847
1379, 1644, 833, 1698, 825
1380, 1660, 808, 1680, 852
1381, 1695, 840, 1623, 842
1382, 1667, 819, 1663, 851
1383, 1686, 858, 1660, 796
1384, 1648, 846, 1655, 851
1385, 1636, 836, 1685, 843
1386, 1679, 825, 1635, 861
1387, 1648, 874, 1658, 820
1388, 1682, 836, 1669, 813
1389, 1649, 784, 1726, 841
1390, 1640, 830, 1660, 870
1391, 1664, 815, 1672, 849
1392, 1663, 833, 1684, 820
1393, 1642, 839, 1708, 811
1394, 1664, 847, 1655, 834
1395, 1654, 840, 1664, 842
1396, 1643, 845, 1687, 825
1397, 1655, 809, 1681, 855
1398, 1645, 850, 1686, 819
1399, 1651, 808, 1724, 817
1400, 1670, 801, 1681, 848
1401, 1682, 854, 1641, 823
1402, 1661, 828, 1696, 815
1403, 1665, 813, 1700, 822
1404, 1643, 857, 1684, 816
1405, 1675, 832, 1633, 860
1406, 1637, 891, 1640, 832
1407, 1654, 819, 1677, 850
1408, 1674, 845, 1675, 806
1409, 1689, 836, 1649, 826
1410, 1622, 850, 1664, 864
1411, 1669, 848, 1654, 829
1412, 1676, 845, 1636, 843
1413, 1678, 818, 1677, 827
1414, 1679, 835, 1654, 832
1415, 1659, 819, 1719, 803
1416, 1644, 849, 1658, 849
1417, 1649, 792, 1704, 855
1418, 1665, 862, 1606, 867
1419, 1659, 819, 1670, 852
1420, 1659, 830, 1645, 866
1421, 1676, 845, 1648, 831
1422, 1686, 827, 1647, 840
1423, 1669, 838, 1666, 827
1424, 1678, 821, 1652, 849
1425, 1678, 808, 1667, 847
1426, 1672, 855, 1612, 861
1427, 1666, 825, 1691, 818
1428, 1643, 810, 1694, 853
1429, 1666, 858, 1652, 824
1430, 1646, 859, 1671, 824
1431, 1649, 815, 1686, 850
1432, 1647, 824, 1716, 813
1433, 1643, 873, 1642, 842
1434, 1655, 864, 1675, 806
1435, 1659, 838, 1666, 837
1436, 1654, 795, 1693, 858
1437, 1694, 807, 1652, 847
1438, 1654, 834, 1662, 850
1439, 1663, 797, 1680, 860
1440, 1669, 835, 1667, 829
1441, 1671, 837, 1648, 844
1442, 1663, 811, 1720, 806
1443, 1689, 837, 1668, 806
1444, 814, 1643, 844, 1699
1445, 1687, 838, 1646, 829
1446, 1663, 886, 1637, 814
1447, 1631, 853, 1678, 838
1448, 1667, 828, 1654, 851
1449, 1668, 845, 1650, 837
1450, 1654, 815, 1698, 833
1451, 1669, 867, 1653, 811
1452, 1648, 841, 1685, 826
1453, 1627, 804, 1736, 833
1454, 1646, 828, 1686, 840
1455, 1647, 856, 1675, 822
1456, 1659, 828, 1678, 835
1457, 1654, 809, 1697, 840
1458, 2091, 327, 1464, 1118
1459, 1659, 856, 1681, 804
1460, 1658, 845, 1648, 849
1461, 1656, 818, 1676, 850
1462, 1648, 806, 1691, 855
1463, 1642, 813, 1698, 847
1464, 1653, 848, 1672, 827
1465, 1639, 818, 1697, 846
1466, 1651, 824, 1695, 830
1467, 1640, 830, 1696, 834
1468, 1660, 855, 1653, 832
1469, 1660, 769, 1681, 890
1470, 1630, 857, 1672, 841
1471, 1674, 815, 1669, 842
1472, 1659, 828, 1681, 832
1473, 1658, 843, 1676, 823
1474, 1653, 817, 1670, 860
1475, 1652, 839, 1694, 815
1476, 1665, 818, 1697, 820
1477, 1647, 826, 1690, 837
1478, 1658, 867, 1651, 824
1479, 1653, 831, 1632, 884
1480, 1664, 845, 1667, 824
1481, 1656, 853, 1675, 816
1482, 1635, 834, 1670, 861
1483, 1684, 851, 1605, 860
1484, 1655, 804, 1687, 854
1485, 1689, 815, 1672, 824
1486, 1653, 799, 1682, 866
1487, 1648, 836, 1696, 820
1488, 1650, 820, 1682, 848
1489, 1651, 810, 1693, 846
1490, 1620, 858, 1666, 856
1491, 1694, 825, 1646, 835
1492, 1670, 853, 1635, 842
1493, 1650, 824, 1674, 852
1494, 1645, 822, 1690, 843
1495, 1665, 816, 1658, 861
1496, 1674, 818, 1695, 813
1497, 1633, 823, 1698, 846
1498, 1664, 847, 1656, 833
1499, 1698, 837, 1615, 850
1500, 1665, 796, 1676, 863
1501, 1655, 830, 1638, 877
1502, 1631, 869, 1674, 826
1503, 1632, 840, 1675, 853
1504, 1654, 842, 1677, 827
1505, 1655, 805, 1680, 860
1506, 1659, 828, 1709, 804
1507, 1663, 860, 1676, 801
1508, 1661, 873, 1629, 837
1509, 1649, 871, 1683, 797
1510, 1685, 783, 1709, 823
1511, 1682, 836, 1642, 840
1512, 1642, 841, 1672, 845
1513, 1639, 829, 1706, 826
1514, 1661, 834, 1677, 828
1515, 1638, 876, 1647, 839
1516, 1667, 814, 1671, 848
1517, 1659, 835, 1679, 827
1518, 1622, 892, 1672, 814
1519, 1658, 854, 1670, 818
1520, 1644, 829, 1656, 871
1521, 829, 1696, 818, 1657
1522, 1662, 853, 1671, 814
1523, 1641, 820, 1700, 839
1524, 1658, 848, 1665, 829
1525, 1637, 832, 1702, 829
1526, 1674, 831, 1666, 829
1527, 1638, 822, 1732, 808
1528, 1657, 831, 1648, 864
1529, 1667, 845, 1638, 850
1530, 1647, 836, 1687, 830
1531, 1665, 841, 1662, 832
1532, 1650, 835, 1698, 817
1533, 1683, 825, 1643, 849
1534, 1645, 847, 1677, 831
1535, 1683, 837, 1667, 813
1536, 1662, 662, 1650, 1026
1537, 1642, 857, 1703, 798
1538, 1673, 834, 1666, 827
1539, 1659, 829, 1675, 837
1540, 1658, 823, 1695, 824
1541, 1657, 844, 1679, 820
1542, 1633, 835, 1705, 827
1543, 1664, 844, 1649, 843
1544, 1692, 837, 1655, 816
1545, 1625, 820, 1695, 860
1546, 1663, 842, 1642, 853
1547, 1654, 828, 1669, 849
1548, 1688, 847, 1660, 805
1549, 1664, 801, 1710, 825
1550, 1663, 846, 1678, 813
1551, 1645, 856, 1664, 835
1552, 1662, 835, 1682, 821
1553, 1677, 831, 1652, 840
1554, 1650, 810, 1732, 808
1555, 1638, 852, 1672, 838
1556, 1658, 849, 1684, 809
1557, 1652, 859, 1690, 799
1558, 1669, 789, 1722, 820
1559, 1675, 840, 1679, 806
1560, 1659, 851, 1685, 805
1561, 1664, 847, 1645, 844
1562, 1658, 813, 1696, 833
1563, 1662, 834, 1700, 804
1564, 1658, 858, 1645, 839
1565, 1629, 854, 1706, 811
1566, 1649, 839, 1678, 834
1567, 1651, 824, 1671, 854
1568, 2078, 324, 1471, 1127
1569, 1678, 855, 1678, 789
1570, 1647, 850, 1701, 802
1571, 1656, 858, 1644, 842
1572, 1677, 841, 1668, 814
1573, 1653, 841, 1703, 803
1574, 1650, 822, 1664, 864
1575, 1669, 835, 1676, 820
1576, 1642, 824, 1701, 833
1577, 1652, 822, 1675, 851
1578, 1659, 852, 1649, 840
1579, 1651, 849, 1683, 817
1580, 1684, 840, 1644, 832
1581, 1662, 835, 1677, 826
1582, 1626, 820, 1706, 848
1583, 1678, 841, 1690, 791
1584, 1672, 818, 1671, 839
1585, 1649, 814, 1677, 860
1586, 1662, 800, 1688, 850
1587, 1661, 820, 1693, 826
1588, 1640, 830, 1684, 846
1589, 1627, 872, 1678, 823
1590, 1687, 825, 1649, 839
1591, 1636, 876, 1650, 838
1592, 1653, 820, 1706, 821
1593, 1660, 829, 1680, 831
1594, 1678, 832, 1665, 825
1595, 1653, 827, 1678, 842
1596, 1668, 841, 1685, 806
1597, 1634, 859, 1727, 780
1598, 1642, 843, 1666, 849
1599, 1670, 859, 1643, 828
1600, 832, 1683, 835, 1650
1601, 1661, 847, 1667, 825
1602, 1650, 848, 1672, 830
1603, 1661, 827, 1674, 838
1604, 1650, 850, 1665, 835
1605, 1681, 840, 1656, 823
1606, 1672, 828, 1689, 811
1607, 1687, 805, 1670, 838
1608, 1633, 817, 1678, 872
1609, 1666, 842, 1660, 832
1610, 1619, 856, 1665, 860
1611, 1675, 835, 1681, 809
1612, 1620, 837, 1696, 847
1613, 1641, 860, 1673, 826
1614, 1633, 827, 1720, 820
1615, 1637, 855, 1669, 839
1616, 1679, 828, 1674, 819
1617, 1658, 832, 1680, 830
1618, 1640, 853, 1696, 811
1619, 1681, 827, 1670, 822
1620, 1661, 813, 1671, 855
1621, 1672, 802, 1703, 823
1622, 1645, 804, 1739, 812
1623, 1642, 843, 1657, 858
1624, 1657, 856, 1674, 813
1625, 1674, 854, 1676, 796
1626, 1637, 831, 1683, 849
1627, 1673, 858, 1627, 842
1628, 1675, 835, 1662, 828
1629, 1640, 833, 1674, 853
1630, 1660, 833, 1667, 840
1631, 1648, 819, 1686, 847
1632, 1638, 812, 1701, 849
1633, 1641, 854, 1689, 816
1634, 1674, 848, 1650, 828
1635, 1669, 825, 1682, 824
1636, 1656, 800, 1693, 851
1637, 1683, 826, 1646, 845
1638, 1668, 807, 1666, 859
1639, 1667, 822, 1668, 843
1640, 1680, 833, 1652, 835
1641, 1623, 828, 1702, 847
1642, 1624, 817, 1729, 830
1643, 1627, 849, 1670, 854
1644, 1642, 830, 1667, 861
1645, 1641, 840, 1675, 844
1646, 1675, 806, 1689, 830
1647, 1636, 839, 1654, 871
1648, 1660, 845, 1658, 837
1649, 1666, 840, 1637, 857
1650, 1674, 855, 1654, 817
1651, 1646, 831, 1652, 871
1652, 1656, 836, 1683, 825
1653, 1651, 836, 1665, 848
1654, 1637, 801, 1687, 875
1655, 1635, 813, 1656, 896
1656, 1673, 826, 1702, 799
1657, 1645, 843, 1670, 842
1658, 1667, 870, 1628, 835
1659, 1647, 822, 1700, 831
1660, 1669, 823, 1677, 831
1661, 1643, 829, 1650, 878
1662, 1664, 821, 1714, 801
1663, 1666, 848, 1663, 823
1664, 1642, 839, 1697, 822
1665, 1654, 820, 1656, 870
1666, 1661, 846, 1685, 808
1667, 1696, 830, 1647, 827
1668, 1695, 870, 1625, 810
1669, 1658, 827, 1692, 823
1670, 1595, 821, 1721, 863
1671, 1655, 853, 1673, 819
1672, 1646, 816, 1699, 839
1673, 1624, 868, 1659, 849
1674, 1649, 854, 1682, 815
1675, 1668, 820, 1659, 853
1676, 1644, 813, 1708, 835
1677, 1646, 829, 1675, 850
1678, 1641, 819, 1694, 846
1679, 1673, 856, 1630, 841
1680, 1670, 796, 1695, 839
1681, 820, 1631, 836, 1713
1682, 2102, 323, 1448, 1127
1683, 1645, 874, 1658, 823
1684, 1643, 825, 1708, 824
1685, 1624, 861, 1667, 848
1686, 1675, 814, 1667, 844
1687, 1667, 861, 1645, 827
1688, 1658, 838, 1668, 836
1689, 1685, 829, 1650, 836
1690, 1664, 810, 1676, 850
1691, 1662, 823, 1680, 835
1692, 1638, 867, 1670, 825
1693, 1645, 832, 1676, 847
1694, 1668, 817, 1667, 848
1695, 1670, 858, 1656, 816
1696, 1669, 848, 1650, 833
1697, 1630, 820, 1714, 836
1698, 1672, 812, 1675, 841
1699, 1659, 823, 1653, 865
1700, 1647, 859, 1689, 805
1701, 1675, 802, 1684, 839
1702, 1634, 834, 1669, 863
1703, 1657, 856, 1664, 823
1704, 1672, 817, 1687, 824
1705, 1643, 859, 1695, 803
1706, 1651, 862, 1692, 795
1707, 1666, 846, 1602, 886
1708, 1617, 854, 1688, 841
1709, 1673, 851, 1643, 833
1710, 1667, 812, 1680, 841
1711, 1685, 797, 1695, 823
1712, 1656, 830, 1699, 815
1713, 1665, 829, 1657, 849
1714, 1662, 805, 1726, 807
1715, 1650, 814, 1676, 860
1716, 1664, 823, 1662, 851
1717, 1635, 801, 1681, 883
1718, 1667, 841, 1650, 842
1719, 1652, 833, 1675, 840
1720, 1643, 871, 1662, 824
1721, 1659, 876, 1666, 799
1722, 1647, 811, 1718, 824
1723, 1674, 851, 1664, 811
1724, 1672, 814, 1668, 846
1725, 1644, 866, 1657, 833
1726, 1643, 872, 1689, 796
1727, 1635, 859, 1698, 808
1728, 1656, 834, 1686, 824
1729, 1672, 827, 1678, 823
1730, 1658, 867, 1646, 829
1731, 1651, 844, 1698, 807
1732, 1663, 849, 1650, 838
1733, 1671, 823, 1683, 823
1734, 1655, 680, 1632, 1033
1735, 1661, 810, 1717, 812
1736, 1643, 870, 1658, 829
1737, 1626, 815, 1705, 854
1738, 1626, 817, 1718, 839
1739, 1672, 827, 1667, 834
1740, 1673, 844, 1651, 832
1741, 1656, 847, 1698, 799
1742, 1687, 814, 1619, 880
1743, 1689, 845, 1665, 801
1744, 1675, 846, 1660, 819
1745, 1656, 855, 1676, 813
1746, 1655, 862, 1636, 847
1747, 1634, 842, 1705, 819
1748, 1653, 865, 1650, 832
1749, 1647, 841, 1651, 861
1750, 1679, 842, 1644, 835
1751, 1684, 834, 1660, 822
1752, 1643, 832, 1672, 853
1753, 1646, 799, 1705, 850
1754, 1652, 858, 1674, 816
1755, 1643, 829, 1705, 823
1756, 1672, 844, 1635, 849
1757, 1613, 844, 1709, 834
1758, 1657, 849, 1702, 792
1759, 1651, 845, 1686, 818
1760, 1651, 834, 1680, 835
1761, 1656, 856, 1683, 805
1762, 1654, 831, 1658, 857
1763, 1643, 818, 1717, 822
1764, 838, 1664, 819, 1679
1765, 1667, 830, 1667, 836
1766, 1678, 834, 1651, 837
1767, 1642, 851, 1672, 835
1768, 1644, 868, 1654, 834
1769, 1671, 837, 1675, 817
1770, 1639, 852, 1654, 855
1771, 1670, 813, 1663, 854
1772, 1661, 851, 1634, 854
1773, 1655, 835, 1669, 841
1774, 1646, 828, 1714, 812
1775, 1663, 845, 1639, 853
1776, 1681, 830, 1668, 821
1777, 1658, 858, 1666, 818
1778, 1663, 844, 1628, 865
1779, 1663, 831, 1697, 809
1780, 1624, 827, 1704, 845
1781, 1662, 855, 1694, 789
1782, 1671, 826, 1648, 855
1783, 1679, 828, 1677, 816
1784, 1663, 849, 1659, 829
1785, 1677, 828, 1635, 860
1786, 1656, 841, 1695, 808
1787, 1656, 823, 1697, 824
1788, 1639, 810, 1678, 873
1789, 1663, 842, 1647, 848
1790, 1656, 876, 1596, 872
1791, 1664, 864, 1638, 834
1792, 1667, 824, 1669, 840
1793, 1684, 851, 1634, 831
1794, 1662, 868, 1632, 838
1795, 1668, 813, 1698, 821
1796, 1664, 840, 1653, 843
1797, 1652, 804, 1732, 812
1798, 1649, 844, 1703, 804
1799, 1644, 871, 1655, 830
1800, 2082, 308, 1451, 1159
1801, 1675, 848, 1635, 842
1802, 1652, 811, 1710, 827
1803, 1687, 823, 1665, 825
1804, 1673, 850, 1645, 832
1805, 1665, 863, 1657, 815
1806, 1680, 821, 1645, 854
1807, 1635, 852, 1675, 838
1808, 1653, 865, 1651, 831
1809, 1662, 814, 1679, 845
1810, 1649, 831, 1681, 839
1811, 1669, 820, 1658, 853
1812, 1665, 802, 1702, 831
1813, 1628, 860, 1675, 837
1814, 1668, 857, 1643, 832
1815, 1669, 823, 1647, 861
1816, 1695, 804, 1638, 863
1817, 1692, 805, 1660, 843
1818, 1630, 873, 1669, 828
1819, 1655, 825, 1640, 880
1820, 1674, 821, 1661, 844
1821, 1683, 864, 1619, 834
1822, 1670, 796, 1717, 817
1823, 1659, 866, 1678, 797
1824, 1666, 829, 1667, 838
1825, 1674, 816, 1679, 831
1826, 1652, 827, 1682, 839
1827, 1659, 807, 1714, 820
1828, 1637, 818, 1698, 847
1829, 1627, 828, 1701, 844
1830, 1621, 814, 1729, 836
1831, 1650, 849, 1662, 839
1832, 1621, 852, 1655, 872
1833, 1667, 818, 1691, 824
1834, 1667, 838, 1648, 847
1835, 1649, 831, 1681, 839
1836, 1661, 826, 1686, 827
1837, 1673, 813, 1701, 813
1838, 1664, 814, 1676, 846
1839, 1655, 860, 1672, 813
1840, 1654, 842, 1663, 841
1841, 1649, 850, 1681, 820
1842, 1653, 825, 1636, 886
1843, 1663, 820, 1684, 833
1844, 1658, 831, 1687, 824
1845, 1666, 831, 1653, 850
1846, 1658, 821, 1680, 841
1847, 1644, 823, 1676, 857
1848, 1657, 860, 1670, 813
1849, 820, 1662, 838, 1680
1850, 1662, 850, 1672, 816
1851, 1697, 857, 1631, 815
1852, 1649, 858, 1673, 820
1853, 1638, 836, 1645, 881
1854, 1665, 830, 1659, 846
1855, 1676, 817, 1681, 826
1856, 1665, 834, 1661, 840
1857, 1639, 820, 1718, 823
1858, 1613, 818, 1740, 829
1859, 1656, 841, 1642, 861
1860, 1676, 852, 1640, 832
1861, 1685, 818, 1630, 867
1862, 1646, 821, 1645, 888
1863, 1668, 829, 1669, 834
1864, 1646, 857, 1681, 816
1865, 1670, 819, 1676, 835
1866, 1652, 832, 1665, 851
1867, 1650, 826, 1665, 859
1868, 1655, 811, 1688, 846
1869, 1656, 855, 1625, 864
1870, 1666, 831, 1699, 804
1871, 1663, 840, 1674, 823
1872, 1659, 847, 1707, 787
1873, 1681, 819, 1684, 816
1874, 1654, 825, 1658, 863
1875, 1656, 839, 1666, 839
1876, 1668, 834, 1704, 794
1877, 1659, 869, 1629, 843
1878, 1660, 833, 1672, 835
1879, 1662, 840, 1670, 828
1880, 1679, 831, 1666, 824
1881, 1669, 825, 1662, 844
1882, 1647, 820, 1711, 822
1883, 1671, 819, 1661, 849
1884, 1649, 848, 1676, 827
1885, 1639, 858, 1667, 836
1886, 1654, 859, 1702, 785
1887, 1665, 827, 1672, 836
1888, 1669, 841, 1666, 824
1889, 1651, 878, 1677, 794
1890, 1649, 863, 1667, 821
1891, 1658, 860, 1660, 822
1892, 1647, 831, 1684, 838
1893, 1631, 821, 1692, 856
1894, 1683, 866, 1621, 830
1895, 1660, 801, 1687, 852
1896, 1656, 870, 1647, 827
1897, 1639, 789, 1730, 842
1898, 1661, 836, 1706, 797
1899, 1662, 866, 1671, 801
1900, 1674, 825, 1659, 842
1901, 1653, 833, 1684, 830
1902, 1649, 866, 1663, 822
1903, 1657, 840, 1679, 824
1904, 1649, 815, 1666, 870
1905, 1651, 838, 1685, 826
1906, 1648, 829, 1695, 828
1907, 1662, 823, 1667, 848
1908, 1651, 855, 1677, 817
1909, 1633, 833, 1695, 839
1910, 1669, 846, 1666, 819
1911, 1642, 798, 1687, 873
1912, 1655, 840, 1663, 842
1913, 1688, 842, 1655, 815
1914, 1664, 847, 1657, 832
1915, 1625, 832, 1697, 846
1916, 1649, 809, 1688, 854
1917, 1664, 849, 1637, 850
1918, 1654, 800, 1723, 823
1919, 1644, 820, 1674, 862
1920, 1662, 834, 1655, 849
1921, 1691, 833, 1658, 818
1922, 2076, 354, 1463, 1107
1923, 1661, 809, 1674, 856
1924, 1662, 818, 1663, 857
1925, 1657, 815, 1683, 845
1926, 1638, 818, 1699, 845
1927, 1678, 837, 1647, 838
1928, 1693, 845, 1637, 825
1929, 1651, 820, 1725, 804
1930, 1648, 833, 1688, 831
1931, 1670, 846, 1669, 815
1932, 1657, 830, 1660, 853
1933, 1656, 804, 1720, 820
1934, 1683, 849, 1637, 831
1935, 1662, 847, 1665, 826
1936, 844, 1675, 831, 1650
1937, 1671, 804, 1675, 850
1938, 1635, 834, 1660, 871
1939, 1632, 833, 1685, 850
1940, 1653, 855, 1657, 835
1941, 1636, 844, 1696, 824
1942, 1622, 832, 1688, 858
1943, 1643, 851, 1625, 881
1944, 1661, 669, 1658, 1012
1945, 1646, 812, 1674, 868
1946, 1652, 807, 1688, 853
1947, 1643, 848, 1679, 830
1948, 1648, 811, 1668, 873
1949, 1675, 797, 1683, 845
1950, 1674, 847, 1672, 807
1951, 1660, 810, 1661, 869
1952, 1661, 829, 1656, 854
1953, 1695, 811, 1642, 852
1954, 1665, 848, 1651, 836
1955, 1644, 860, 1678, 818
1956, 1676, 837, 1649, 838
1957, 1659, 832, 1701, 808
1958, 1634, 830, 1696, 840
1959, 1655, 884, 1672, 789
1960, 1668, 840, 1645, 847
1961, 1639, 843, 1711, 807
1962, 1651, 844, 1678, 827
1963, 1640, 855, 1670, 835
1964, 1659, 830, 1662, 849
1965, 1678, 809, 1643, 870
1966, 1682, 846, 1658, 814
1967, 1660, 825, 1676, 839
1968, 1648, 874, 1652, 826
1969, 1655, 830, 1669, 846
1970, 1647, 861, 1646, 846
1971, 1643, 827, 1694, 836
1972, 1650, 855, 1657, 838
1973, 1656, 808, 1680, 856
1974, 1647, 816, 1712, 825
1975, 1659, 837, 1664, 840
1976, 1650, 806, 1704, 840
1977, 1701, 797, 1630, 872
1978, 1671, 796, 1670, 863
1979, 1637, 840, 1680, 843
1980, 1651, 846, 1692, 811
1981, 1643, 842, 1700, 815
1982, 1651, 841, 1677, 831
1983, 1626, 863, 1700, 811
1984, 1661, 796, 1674, 869
1985, 1665, 861, 1663, 811
1986, 1664, 823, 1657, 856
1987, 1655, 847, 1655, 843
1988, 1648, 851, 1660, 841
1989, 1673, 818, 1670, 839
1990, 1659, 847, 1669, 825
1991, 1682, 833, 1664, 821
1992, 1633, 808, 1715, 844
1993, 1636, 830, 1671, 863
1994, 1656, 857, 1696, 791
1995, 1651, 813, 1696, 840
1996, 1659, 826, 1715, 800
1997, 1674, 853, 1626, 847
1998, 1642, 825, 1699, 834
1999, 1662, 857, 1648, 833
2000, 1669, 846, 1658, 827
2001, 1663, 841, 1636, 860
2002, 1665, 849, 1685, 801
2003, 1642, 834, 1687, 837
2004, 1663, 853, 1644, 840
2005, 1647, 830, 1704, 819
2006, 1665, 834, 1666, 835
2007, 1651, 844, 1681, 824
2008, 1682, 809, 1659, 850
2009, 1646, 828, 1698, 828
2010, 1664, 849, 1647, 840
2011, 1659, 838, 1674, 829
2012, 1643, 880, 1650, 827
2013, 1693, 827, 1638, 842
2014, 1674, 838, 1662, 826
2015, 1634, 876, 1655, 835
2016, 1652, 835, 1685, 828
2017, 1654, 821, 1667, 858
2018, 1643, 810, 1706, 841
2019, 1678, 798, 1690, 834
2020, 1662, 810, 1701, 827
2021, 1651, 828, 1695, 826
2022, 1639, 844, 1679, 838
2023, 1667, 882, 1643, 808
2024, 1619, 807, 1710, 864
2025, 835, 1677, 826, 1662
2026, 1669, 869, 1647, 815
2027, 1659, 813, 1686, 842
2028, 1674, 825, 1672, 829
2029, 1680, 857, 1652, 811
2030, 1626, 878, 1665, 831
2031, 1657, 857, 1686, 800
2032, 1649, 843, 1686, 822
2033, 1639, 855, 1710, 796
2034, 1683, 824, 1641, 852
2035, 1636, 809, 1696, 859
2036, 1649, 825, 1675, 851
2037, 1649, 871, 1616, 864
2038, 1634, 855, 1682, 829
2039, 1657, 827, 1704, 812
2040, 1688, 836, 1635, 841
2041, 1665, 849, 1667, 819
2042, 1666, 831, 1635, 868
2043, 1616, 848, 1675, 861
2044, 1650, 818, 1705, 827
2045, 1696, 856, 1644, 804
2046, 1669, 817, 1673, 841
2047, 1655, 832, 1691, 822
2048, 2095, 400, 1463, 1042
2049, 1649, 840, 1710, 801
2050, 1644, 827, 1695, 834
2051, 1649, 812, 1683, 856
2052, 1662, 831, 1661, 846
2053, 1630, 858, 1686, 826
2054, 1633, 871, 1681, 815
2055, 1670, 867, 1631, 832
2056, 1650, 842, 1665, 843
2057, 1644, 834, 1709, 813
2058, 1645, 847, 1680, 828
2059, 1630, 836, 1703, 831
2060, 1663, 827, 1698, 812
2061, 1679, 855, 1657, 809
2062, 1668, 830, 1674, 828
2063, 1661, 863, 1650, 826
2064, 1659, 857, 1662, 822
2065, 1655, 841, 1686, 818
2066, 1678, 850, 1648, 824
2067, 1658, 859, 1638, 845
2068, 1654, 827, 1654, 865
2069, 1657, 831, 1691, 821
2070, 1663, 817, 1664, 856
2071, 1667, 863, 1666, 804
2072, 1649, 844, 1693, 814
2073, 1629, 822, 1714, 835
2074, 1665, 853, 1685, 797
2075, 1663, 837, 1670, 830
2076, 1655, 836, 1677, 832
2077, 1664, 827, 1666, 843
2078, 1648, 843, 1670, 839
2079, 1660, 850, 1655, 835
2080, 1662, 808, 1689, 841
2081, 1648, 901, 1654, 797
2082, 1652, 804, 1721, 823
2083, 1638, 875, 1664, 823
2084, 1667, 821, 1691, 821
2085, 1609, 822, 1698, 871
2086, 1662, 834, 1688, 816
2087, 1665, 851, 1663, 821
2088, 1636, 831, 1699, 834
2089, 1666, 826, 1673, 835
2090, 1667, 822, 1652, 859
2091, 1654, 841, 1687, 818
2092, 1665, 839, 1668, 828
2093, 1683, 835, 1677, 805
2094, 1644, 814, 1714, 828
2095, 1661, 802, 1691, 846
2096, 1655, 821, 1685, 839
2097, 1664, 828, 1675, 833
2098, 1633, 859, 1659, 849
2099, 1692, 814, 1668, 826
2100, 1660, 853, 1664, 823
2101, 1673, 849, 1680, 798
2102, 1671, 807, 1701, 821
2103, 1655, 838, 1692, 815
2104, 1683, 841, 1666, 810
2105, 1646, 815, 1677, 862
2106, 1661, 827, 1681, 831
2107, 1670, 840, 1659, 831
2108, 1660, 819, 1690, 831
2109, 1655, 834, 1625, 886
2110, 1676, 815, 1666, 843
2111, 1633, 804, 1698, 865
2112, 1662, 832, 1684, 822
2113, 1632, 834, 1700, 834
2114, 1653, 844, 1642, 861
2115, 1648, 823, 1689, 840
2116, 831, 1646, 834, 1689
2117, 1627, 781, 1718, 874
2118, 1662, 844, 1682, 812
2119, 1678, 847, 1684, 791
2120, 1654, 855, 1670, 821
2121, 1668, 841, 1662, 829
2122, 1675, 811, 1684, 830
2123, 1659, 835, 1666, 840
2124, 1644, 857, 1656, 843
2125, 1675, 841, 1664, 820
2126, 1673, 856, 1663, 808
2127, 1644, 822, 1691, 843
2128, 1672, 823, 1716, 789
2129, 1636, 878, 1639, 847
2130, 1656, 829, 1669, 846
2131, 1680, 842, 1652, 826
2132, 1651, 807, 1712, 830
2133, 1652, 834, 1679, 835
2134, 1651, 838, 1664, 847
2135, 1657, 862, 1701, 780
2136, 1649, 839, 1671, 841
2137, 1655, 785, 1689, 871
2138, 1656, 828, 1651, 865
2139, 1668, 813, 1666, 853
2140, 1655, 845, 1679, 821
2141, 1669, 831, 1675, 825
2142, 1660, 856, 1637, 847
2143, 1633, 825, 1684, 858
2144, 1636, 871, 1674, 819
2145, 1628, 832, 1696, 844
2146, 1680, 845, 1641, 834
2147, 1647, 873, 1640, 840
2148, 1659, 820, 1695, 826
2149, 1686, 842, 1669, 803
2150, 1667, 814, 1654, 865
2151, 1649, 822, 1673, 856
2152, 1641, 802, 1681, 876
2153, 1681, 811, 1640, 868
2154, 1662, 787, 1697, 854
2155, 1660, 826, 1668, 846
2156, 1651, 816, 1679, 854
2157, 1644, 853, 1677, 826
2158, 1658, 781, 1715, 846
2159, 1672, 836, 1688, 804
2160, 1671, 844, 1653, 832
2161, 1699, 813, 1651, 837
2162, 1653, 852, 1661, 834
2163, 1636, 818, 1694, 852
2164, 1636, 811, 1702, 851
2165, 1642, 789, 1718, 851
2166, 1662, 641, 1684, 1013
2167, 1655, 851, 1651, 843
2168, 1684, 829, 1671, 816
2169, 1631, 821, 1704, 844
2170, 1649, 857, 1639, 855
2171, 1653, 859, 1648, 840
2172, 1650, 843, 1632, 875
2173, 1627, 834, 1689, 850
2174, 1669, 834, 1651, 846
2175, 1665, 812, 1669, 854
2176, 1661, 823, 1671, 845
2177, 1691, 820, 1670, 819
2178, 2077, 312, 1460, 1151
2179, 1648, 864, 1648, 840
2180, 1661, 824, 1654, 861
2181, 1646, 834, 1665, 855
2182, 1641, 819, 1700, 840
2183, 1637, 804, 1714, 845
2184, 1658, 799, 1698, 845
2185, 1646, 811, 1690, 853
2186, 1649, 837, 1700, 814
2187, 1657, 844, 1662, 837
2188, 1642, 843, 1692, 823
2189, 1649, 867, 1671, 813
2190, 1651, 803, 1691, 855
2191, 1642, 865, 1658, 835
2192, 1676, 857, 1650, 817
2193, 1649, 807, 1696, 848
2194, 1666, 865, 1650, 819
2195, 1675, 831, 1648, 846
2196, 1669, 806, 1689, 836
2197, 1657, 833, 1679, 831
2198, 1662, 847, 1669, 822
2199, 1648, 863, 1701, 788
2200, 1650, 825, 1685, 840
2201, 1657, 832, 1654, 857
2202, 1637, 830, 1672, 861
2203, 1638, 850, 1689, 823
2204, 1643, 855, 1679, 823
2205, 1655, 830, 1684, 831
2206, 1673, 852, 1648, 827
2207, 1640, 850, 1656, 854
2208, 1658, 810, 1666, 866
2209, 814, 1657, 855, 1674
2210, 1680, 838, 1669, 813
2211, 1657, 809, 1672, 862
2212, 1660, 822, 1693, 825
2213, 1649, 865, 1667, 819
2214, 1690, 843, 1632, 835
2215, 1660, 829, 1674, 837
2216, 1672, 837, 1638, 853
2217, 1664, 826, 1680, 830
2218, 1648, 839, 1633, 880
2219, 1670, 835, 1660, 835
2220, 1649, 880, 1647, 824
2221, 1661, 825, 1655, 859
2222, 1662, 897, 1648, 793
2223, 1655, 852, 1654, 839
2224, 1667, 837, 1654, 842
2225, 1660, 816, 1664, 860
2226, 1659, 849, 1667, 825
2227, 1640, 811, 1668, 881
2228, 1674, 837, 1661, 828
2229, 1679, 824, 1670, 827
2230, 1633, 817, 1723, 827
2231, 1627, 826, 1686, 861
2232, 1682, 841, 1649, 828
2233, 1658, 842, 1666, 834
2234, 1670, 809, 1701, 820
2235, 1667, 823, 1651, 859
2236, 1670, 836, 1664, 830
2237, 1631, 837, 1701, 831
2238, 1655, 848, 1657, 840
2239, 1676, 803, 1673, 848
2240, 1664, 810, 1670, 856
2241, 1677, 838, 1653, 832
2242, 1638, 809, 1706, 847
2243, 1658, 837, 1662, 843
2244, 1667, 833, 1684, 816
2245, 1685, 811, 1642, 862
2246, 1663, 833, 1702, 802
2247, 1648, 826, 1700, 826
2248, 1643, 832, 1684, 841
2249, 1634, 821, 1702, 843
2250, 1663, 806, 1680, 851
2251, 1620, 829, 1712, 839
2252, 1623, 862, 1671, 844
2253, 1654, 801, 1695, 850
2254, 1668, 825, 1666, 841
2255, 1670, 851, 1645, 834
2256, 1684, 817, 1651, 848
2257, 1642, 839, 1687, 832
2258, 1671, 821, 1669, 839
2259, 1632, 864, 1664, 840
2260, 1636, 854, 1682, 828
2261, 1648, 798, 1702, 852
2262, 1660, 808, 1716, 816
2263, 1669, 837, 1646, 848
2264, 1644, 820, 1694, 842
2265, 1660, 844, 1680, 816
2266, 1678, 861, 1621, 840
2267, 1639, 853, 1697, 811
2268, 1651, 836, 1677, 836
2269, 1635, 867, 1667, 831
2270, 1646, 833, 1702, 819
2271, 1640, 856, 1690, 814
2272, 1648, 848, 1683, 821
2273, 1698, 866, 1618, 818
2274, 1654, 824, 1679, 843
2275, 1625, 856, 1694, 825
2276, 1659, 832, 1713, 796
2277, 1669, 797, 1673, 861
2278, 1622, 835, 1700, 843
2279, 1655, 821, 1672, 852
2280, 1672, 824, 1678, 826
2281, 1656, 831, 1688, 825
2282, 1658, 828, 1677, 837
2283, 1651, 832, 1656, 861
2284, 1683, 829, 1634, 854
2285, 1641, 847, 1682, 830
2286, 1658, 847, 1643, 852
2287, 1670, 804, 1693, 833
2288, 1651, 821, 1662, 866
2289, 1676, 810, 1703, 811
2290, 1638, 813, 1710, 839
2291, 1671, 850, 1665, 814
2292, 1674, 828, 1687, 811
2293, 1628, 825, 1714, 833
2294, 1628, 815, 1702, 855
2295, 1689, 808, 1660, 843
2296, 1645, 858, 1656, 841
2297, 1673, 851, 1627, 849
2298, 1681, 836, 1645, 838
2299, 1653, 847, 1666, 834
2300, 1667, 803, 1684, 846
2301, 1664, 837, 1663, 836
2302, 1662, 839, 1625, 874
2303, 1628, 883, 1652, 837
2304, 830, 1680, 830, 1660
2305, 1648, 855, 1695, 802
2306, 1662, 849, 1657, 832
2307, 1637, 850, 1657, 856
2308, 1656, 844, 1682, 818
2309, 1674, 895, 1629, 802
2310, 1650, 807, 1720, 823
2311, 1673, 859, 1641, 827
2312, 2093, 322, 1448, 1137
2313, 1676, 820, 1656, 848
2314, 1634, 862, 1662, 842
2315, 1683, 838, 1634, 845
2316, 1662, 830, 1724, 784
2317, 1662, 862, 1687, 789
2318, 1632, 838, 1650, 880
2319, 1670, 820, 1655, 855
2320, 1662, 830, 1680, 828
2321, 1680, 811, 1666, 843
2322, 1659, 829, 1692, 820
2323, 1657, 837, 1656, 850
2324, 1677, 835, 1644, 844
2325, 1660, 841, 1697, 802
2326, 1653, 848, 1683, 816
2327, 1672, 823, 1680, 825
2328, 1672, 830, 1683, 815
2329, 1646, 839, 1665, 850
2330, 1676, 798, 1658, 868
2331, 1649, 854, 1671, 826
2332, 1657, 826, 1661, 856
2333, 1645, 831, 1715, 809
2334, 1634, 820, 1698, 848
2335, 1664, 827, 1664, 845
2336, 1648, 818, 1678, 856
2337, 1666, 852, 1667, 815
2338, 1638, 856, 1690, 816
2339, 1652, 817, 1680, 851
2340, 1663, 815, 1673, 849
2341, 1664, 855, 1658, 823
2342, 1673, 850, 1651, 826
2343, 1681, 838, 1677, 804
2344, 1675, 826, 1675, 824
2345, 1689, 847, 1651, 813
2346, 1642, 835, 1708, 815
2347, 1635, 858, 1707, 800
2348, 1668, 845, 1662, 825
2349, 1663, 824, 1673, 840
2350, 1662, 837, 1685, 816
2351, 1665, 877, 1686, 772
2352, 1658, 834, 1677, 831
2353, 1640, 848, 1679, 833
2354, 1670, 873, 1662, 795
2355, 1666, 823, 1669, 842
2356, 1679, 822, 1617, 882
2357, 1666, 806, 1680, 848
2358, 1652, 812, 1725, 811
2359, 1671, 853, 1630, 846
2360, 1650, 819, 1694, 837
2361, 1670, 859, 1667, 804
2362, 1663, 842, 1666, 829
2363, 1663, 813, 1710, 814
2364, 1684, 829, 1666, 821
2365, 1656, 808, 1653, 883
2366, 1666, 806, 1702, 826
2367, 1686, 824, 1661, 829
2368, 1662, 839, 1670, 829
2369, 1661, 819, 1667, 853
2370, 1659, 829, 1692, 820
2371, 1658, 842, 1675, 825
2372, 1672, 866, 1625, 837
2373, 1638, 848, 1666, 848
2374, 1631, 807, 1703, 859
2375, 1639, 852, 1659, 850
2376, 1667, 828, 1699, 806
2377, 1628, 843, 1693, 836
2378, 1668, 842, 1644, 846
2379, 1681, 852, 1635, 832
2380, 1650, 829, 1685, 836
2381, 1634, 836, 1723, 807
2382, 1672, 818, 1700, 810
2383, 1654, 860, 1669, 817
2384, 1669, 842, 1667, 822
2385, 1660, 823, 1670, 847
2386, 1654, 822, 1682, 842
2387, 1649, 829, 1687, 835
2388, 1658, 828, 1668, 846
2389, 1691, 859, 1617, 833
2390, 1640, 828, 1688, 844
2391, 1649, 884, 1652, 815
2392, 1665, 804, 1719, 812
2393, 1679, 852, 1648, 821
2394, 1647, 829, 1691, 833
2395, 1643, 857, 1656, 844
2396, 1695, 818, 1651, 836
2397, 1667, 848, 1650, 835
2398, 1686, 844, 1640, 830
2399, 1651, 828, 1706, 815
2400, 1664, 621, 1657, 1058
2401, 414, 2034, 424, 2128
2402, 1681, 857, 1632, 830
2403, 1657, 805, 1717, 821
2404, 1654, 825, 1691, 830
2405, 1657, 826, 1678, 839
2406, 1682, 799, 1675, 844
2407, 1626, 830, 1693, 851
2408, 1646, 830, 1662, 862
2409, 1670, 826, 1662, 842
2410, 1638, 852, 1660, 850
2411, 1631, 847, 1670, 852
2412, 1673, 830, 1634, 863
2413, 1676, 823, 1671, 830
2414, 1662, 865, 1649, 824
2415, 1631, 820, 1701, 848
2416, 1668, 841, 1687, 804
2417, 1662, 835, 1650, 853
2418, 1663, 822, 1667, 848
2419, 1641, 838, 1689, 832
2420, 1665, 835, 1672, 828
2421, 1640, 859, 1676, 825
2422, 1664, 822, 1707, 807
2423, 1663, 833, 1664, 840
2424, 1640, 831, 1701, 828
2425, 1646, 836, 1680, 838
2426, 1653, 847, 1666, 834
2427, 1670, 859, 1661, 810
2428, 1663, 845, 1674, 818
2429, 1666, 817, 1667, 850
2430, 1658, 810, 1678, 854
2431, 1654, 883, 1659, 804
2432, 1663, 826, 1654, 857
2433, 1658, 861, 1641, 840
2434, 1647, 807, 1714, 832
2435, 1670, 856, 1650, 824
2436, 1643, 780, 1685, 892
2437, 1638, 826, 1720, 816
2438, 1644, 869, 1670, 817
2439, 1643, 843, 1681, 833
2440, 1665, 826, 1656, 853
2441, 1660, 839, 1662, 839
2442, 1646, 839, 1673, 842
2443, 1658, 823, 1688, 831
2444, 1674, 814, 1655, 857
2445, 1664, 819, 1688, 829
2446, 1634, 836, 1702, 828
2447, 1694, 856, 1638, 812
2448, 1662, 859, 1677, 802
2449, 1670, 827, 1655, 848
2450, 2099, 319, 1456, 1126
2451, 1650, 872, 1648, 830
2452, 1644, 831, 1680, 845
2453, 1670, 870, 1614, 846
2454, 1633, 800, 1686, 881
2455, 1669, 855, 1655, 821
2456, 1643, 865, 1671, 821
2457, 1654, 837, 1681, 828
2458, 1644, 799, 1688, 869
2459, 1653, 852, 1655, 840
2460, 1661, 834, 1688, 817
2461, 1685, 836, 1677, 802
2462, 1643, 835, 1684, 838
2463, 1648, 840, 1664, 848
2464, 1674, 828, 1638, 860
2465, 1636, 841, 1682, 841
2466, 1643, 830, 1684, 843
2467, 1654, 792, 1689, 865
2468, 1661, 793, 1676, 870
2469, 1646, 859, 1629, 866
2470, 1664, 830, 1657, 849
2471, 1662, 833, 1651, 854
2472, 1644, 779, 1699, 878
2473, 1645, 833, 1669, 853
2474, 1648, 803, 1716, 833
2475, 1671, 825, 1659, 845
2476, 1657, 824, 1665, 854
2477, 1645, 820, 1715, 820
2478, 1660, 833, 1671, 836
2479, 1698, 843, 1605, 854
2480, 1646, 813, 1666, 875
2481, 1657, 835, 1657, 851
2482, 1653, 830, 1686, 831
2483, 1673, 814, 1685, 828
2484, 1653, 854, 1658, 835
2485, 1659, 837, 1702, 802
2486, 1655, 862, 1665, 818
2487, 1663, 818, 1694, 825
2488, 1667, 823, 1674, 836
2489, 1645, 816, 1707, 832
2490, 1662, 806, 1723, 809
2491, 1689, 799, 1648, 864
2492, 1656, 838, 1653, 853
2493, 1640, 830, 1700, 830
2494, 1654, 868, 1658, 820
2495, 1677, 840, 1656, 827
2496, 1652, 835, 1695, 818
2497, 1641, 839, 1665, 855
2498, 1647, 847, 1679, 827
2499, 1653, 840, 1667, 840
2500, 422, 1439, 1673, 1466
2501, 1677, 830, 1654, 839
2502, 1652, 874, 1673, 801
2503, 1672, 821, 1682, 825
2504, 1646, 821, 1681, 852
2505, 1667, 811, 1654, 868
2506, 1649, 851, 1678, 822
2507, 1695, 833, 1652, 820
2508, 1645, 820, 1691, 844
2509, 1646, 797, 1730, 827
2510, 1669, 884, 1622, 825
2511, 1656, 835, 1668, 841
2512, 1660, 821, 1707, 812
2513, 1627, 845, 1698, 830
2514, 1662, 830, 1682, 826
2515, 1625, 848, 1668, 859
2516, 1668, 842, 1668, 822
2517, 1639, 836, 1700, 825
2518, 1650, 834, 1694, 822
2519, 1714, 833, 1611, 842
2520, 1650, 818, 1660, 872
2521, 1663, 860, 1642, 835
2522, 1647, 809, 1688, 856
2523, 1642, 837, 1688, 833
2524, 1635, 844, 1689, 832
2525, 1675, 840, 1679, 806
2526, 1665, 828, 1656, 851
2527, 1645, 857, 1687, 811
2528, 1671, 872, 1635, 822
2529, 1645, 864, 1659, 832
2530, 1665, 842, 1669, 824
2531, 1657, 843, 1664, 836
2532, 1669, 851, 1636, 844
2533, 1671, 830, 1665, 834
2534, 1653, 811, 1690, 846
2535, 1660, 818, 1666, 856
2536, 1653, 834, 1705, 808
2537, 1632, 853, 1680, 835
2538, 1636, 860, 1692, 812
2539, 1677, 840, 1646, 837
2540, 1634, 854, 1685, 827
2541, 1669, 856, 1663, 812
2542, 1631, 831, 1705, 833
2543, 1685, 828, 1672, 815
2544, 1642, 833, 1668, 857
2545, 1641, 865, 1683, 811
2546, 1656, 815, 1697, 832
2547, 1674, 811, 1691, 824
2548, 1653, 851, 1680, 816
2549, 1649, 835, 1676, 840
2550, 1623, 864, 1693, 820
2551, 1662, 815, 1690, 833
2552, 1649, 831, 1670, 850
2553, 1656, 813, 1688, 843
2554, 1667, 822, 1687, 824
2555, 1660, 847, 1663, 830
2556, 1649, 830, 1682, 839
2557, 1643, 842, 1673, 842
2558, 1665, 837, 1666, 832
2559, 1665, 844, 1698, 793
2560, 1657, 844, 1666, 833
2561, 1670, 841, 1636, 853
2562, 1668, 819, 1698, 815
2563, 1658, 825, 1705, 812
2564, 1660, 860, 1640, 840
2565, 1623, 851, 1681, 845
2566, 1636, 862, 1637, 865
2567, 1638, 830, 1668, 864
2568, 1677, 829, 1668, 826
2569, 1646, 863, 1679, 812
2570, 1657, 786, 1678, 879
2571, 1646, 858, 1692, 804
2572, 1667, 811, 1705, 817
2573, 1654, 844, 1634, 868
2574, 1646, 867, 1675, 812
2575, 1641, 828, 1669, 862
2576, 1662, 795, 1686, 857
2577, 1666, 846, 1656, 832
2578, 1628, 846, 1715, 811
2579, 1644, 851, 1652, 853
2580, 1666, 847, 1656, 831
2581, 1670, 823, 1673, 834
2582, 1676, 826, 1673, 825
2583, 1669, 804, 1689, 838
2584, 1678, 825, 1631, 866
2585, 1646, 840, 1676, 838
2586, 1672, 836, 1671, 821
2587, 1659, 857, 1660, 824
2588, 1670, 821, 1690, 819
2589, 1660, 838, 1698, 804
2590, 1656, 830, 1681, 833
2591, 1663, 838, 1669, 830
2592, 2092, 295, 1458, 1155
2593, 1644, 851, 1692, 813
2594, 1681, 824, 1697, 798
2595, 1651, 818, 1711, 820
2596, 1658, 820, 1683, 839
2597, 1667, 817, 1687, 829
2598, 1628, 839, 1711, 822
2599, 1651, 849, 1670, 830
2600, 1664, 818, 1683, 835
2601, 816, 1647, 848, 1689
2602, 1648, 847, 1669, 836
2603, 1649, 859, 1671, 821
2604, 1670, 809, 1698, 823
2605, 1635, 870, 1649, 846
2606, 1702, 805, 1635, 858
2607, 1662, 860, 1642, 836
2608, 1669, 839, 1639, 853
2609, 1659, 830, 1682, 829
2610, 1659, 818, 1694, 829
2611, 1635, 838, 1683, 844
2612, 1643, 840, 1683, 834
2613, 1653, 834, 1668, 845
2614, 1670, 845, 1666, 819
2615, 1642, 829, 1668, 861
2616, 1657, 804, 1662, 877
2617, 1655, 820, 1659, 866
2618, 1640, 812, 1688, 860
2619, 1668, 854, 1648, 830
2620, 1655, 838, 1655, 852
2621, 1643, 855, 1653, 849
2622, 1670, 841, 1678, 811
2623, 1678, 829, 1675, 818
2624, 1668, 813, 1675, 844
2625, 1684, 829, 1671, 816
2626, 1634, 829, 1697, 840
2627, 1673, 810, 1675, 842
2628, 1665, 853, 1653, 829
2629, 1665, 851, 1684, 800
2630, 1663, 844, 1672, 821
2631, 1647, 859, 1671, 823
2632, 1656, 835, 1680, 829
2633, 1633, 853, 1671, 843
2634, 1635, 845, 1662, 858
2635, 1705, 851, 1636, 808
2636, 1667, 785, 1668, 880
2637, 1643, 849, 1669, 839
2638, 1681, 784, 1682, 853
2639, 1676, 812, 1669, 843
2640, 1675, 840, 1686, 799
2641, 1642, 803, 1701, 854
2642, 1656, 847, 1655, 842
2643, 1661, 833, 1670, 836
2644, 1657, 835, 1661, 847
2645, 1674, 822, 1670, 834
2646, 1648, 680, 1673, 999
2647, 1639, 815, 1734, 812
2648, 1652, 834, 1691, 823
2649, 1664, 808, 1679, 849
2650, 1674, 847, 1643, 836
2651, 1636, 812, 1734, 818
2652, 1672, 824, 1680, 824
2653, 1666, 825, 1696, 813
2654, 1675, 803, 1709, 813
2655, 1646, 832, 1693, 829
2656, 1656, 827, 1695, 822
2657, 1637, 819, 1685, 859
2658, 1663, 813, 1691, 833
2659, 1680, 833, 1639, 848
2660, 1671, 829, 1654, 846
2661, 1679, 885, 1642, 794
2662, 1669, 827, 1683, 821
2663, 1665, 838, 1643, 854
2664, 1682, 801, 1663, 854
2665, 1660, 820, 1690, 830
2666, 1671, 857, 1667, 805
2667, 1658, 779, 1720, 843
2668, 1668, 839, 1677, 816
2669, 1658, 858, 1640, 844
2670, 1640, 875, 1629, 856
2671, 1648, 867, 1663, 822
2672, 1637, 851, 1645, 867
2673, 1653, 828, 1687, 832
2674, 1662, 820, 1686, 832
2675, 1642, 866, 1674, 818
2676, 1635, 859, 1679, 827
2677, 1655, 849, 1657, 839
2678, 1652, 870, 1617, 861
2679, 1660, 819, 1664, 857
2680, 1642, 821, 1704, 833
2681, 1671, 839, 1663, 827
2682, 1650, 826, 1704, 820
2683, 1649, 836, 1686, 829
2684, 1632, 816, 1691, 861
2685, 1618, 883, 1686, 813
2686, 1664, 838, 1681, 817
2687, 1654, 797, 1681, 868
2688, 1659, 838, 1670, 833
2689, 1645, 826, 1701, 828
2690, 1682, 841, 1662, 815
2691, 1662, 845, 1664, 829
2692, 1672, 840, 1667, 821
2693, 1645, 834, 1659, 862
2694, 1659, 864, 1655, 822
2695, 1635, 829, 1698, 838
2696, 1663, 808, 1677, 852
2697, 1646, 864, 1669, 821
2698, 1654, 817, 1730, 799
2699, 1682, 845, 1679, 794
2700, 1665, 833, 1645, 857
2701, 1650, 828, 1677, 845
2702, 1685, 843, 1645, 827
2703, 1690, 848, 1648, 814
2704, 830, 1692, 821, 1657
2705, 1677, 829, 1686, 808
2706, 1648, 814, 1724, 814
2707, 1643, 848, 1679, 830
2708, 1624, 829, 1692, 855
2709, 1669, 853, 1675, 803
2710, 1638, 789, 1717, 856
2711, 1670, 851, 1677, 802
2712, 1664, 831, 1650, 855
2713, 1657, 808, 1704, 831
2714, 1647, 865, 1654, 834
2715, 1676, 818, 1655, 851
2716, 1658, 846, 1684, 812
2717, 1678, 839, 1689, 794
2718, 1656, 872, 1637, 835
2719, 1666, 845, 1666, 823
2720, 1657, 827, 1679, 837
2721, 1672, 837, 1684, 807
2722, 1655, 797, 1716, 832
2723, 1643, 822, 1695, 840
2724, 1667, 879, 1623, 831
2725, 1658, 847, 1660, 835
2726, 1648, 798, 1705, 849
2727, 1638, 831, 1696, 835
2728, 1659, 826, 1684, 831
2729, 1648, 868, 1671, 813
2730, 1640, 848, 1672, 840
2731, 1678, 875, 1626, 821
2732, 1651, 858, 1678, 813
2733, 1662, 814, 1700, 824
2734, 1627, 843, 1702, 828
2735, 1632, 865, 1683, 820
2736, 1666, 860, 1636, 838
2737, 1628, 849, 1692, 831
2738, 2081, 310, 1475, 1134
2739, 1667, 848, 1607, 878
2740, 1653, 820, 1682, 845
2741, 1677, 859, 1656, 808
2742, 1653, 842, 1690, 815
2743, 1658, 806, 1729, 807
2744, 1667, 838, 1690, 805
2745, 1646, 841, 1657, 856
2746, 1669, 870, 1639, 822
2747, 1660, 833, 1675, 832
2748, 1683, 847, 1653, 817
2749, 1665, 849, 1681, 805
2750, 1646, 833, 1719, 802
2751, 1695, 832, 1655, 818
2752, 1665, 834, 1664, 837
2753, 1634, 825, 1695, 846
2754, 1663, 810, 1701, 826
2755, 1636, 833, 1683, 848
2756, 1626, 850, 1690, 834
2757, 1652, 845, 1657, 846
2758, 1646, 849, 1688, 817
2759, 1673, 843, 1659, 825
2760, 1643, 841, 1696, 820
2761, 1634, 844, 1691, 831
2762, 1659, 820, 1670, 851
2763, 1675, 828, 1665, 832
2764, 1661, 849, 1670, 820
2765, 1672, 844, 1646, 838
2766, 1620, 849, 1691, 840
2767, 1658, 828, 1673, 841
2768, 1680, 813, 1682, 825
2769, 1674, 830, 1665, 831
2770, 1675, 807, 1678, 840
2771, 1660, 843, 1651, 846
2772, 1647, 860, 1692, 801
2773, 1645, 847, 1666, 842
2774, 1647, 844, 1686, 823
2775, 1671, 846, 1684, 799
2776, 1633, 829, 1698, 840
2777, 1654, 825, 1710, 811
2778, 1659, 828, 1695, 818
2779, 1679, 845, 1642, 834
2780, 1674, 831, 1662, 833
2781, 1674, 827, 1660, 839
2782, 1639, 833, 1663, 865
2783, 1647, 851, 1660, 842
2784, 1650, 843, 1674, 833
2785, 1658, 849, 1655, 838
2786, 1678, 841, 1658, 823
2787, 1706, 813, 1632, 849
2788, 1645, 834, 1699, 822
2789, 1682, 876, 1657, 785
2790, 1641, 839, 1681, 839
2791, 1657, 826, 1678, 839
2792, 1690, 808, 1672, 830
2793, 1673, 820, 1683, 824
2794, 1651, 846, 1654, 849
2795, 1641, 854, 1711, 794
2796, 1651, 862, 1693, 794
2797, 1624, 816, 1717, 843
2798, 1654, 855, 1663, 828
2799, 1673, 803, 1685, 839
2800, 1656, 833, 1689, 822
2801, 1683, 857, 1613, 847
2802, 1599, 866, 1712, 823
2803, 1647, 853, 1668, 832
2804, 1645, 847, 1679, 829
2805, 1678, 844, 1656, 822
2806, 1644, 838, 1679, 839
2807, 1652, 818, 1688, 842
2808, 1655, 819, 1656, 870
2809, 830, 1691, 821, 1658
2810, 1628, 825, 1697, 850
2811, 1694, 817, 1660, 829
2812, 1687, 828, 1665, 820
2813, 1644, 844, 1672, 840
2814, 1656, 814, 1679, 851
2815, 1656, 874, 1666, 804
2816, 1676, 837, 1664, 823
2817, 1653, 822, 1683, 842
2818, 1637, 842, 1687, 834
2819, 1685, 834, 1654, 827
2820, 1676, 813, 1680, 831
2821, 1669, 775, 1700, 856
2822, 1666, 846, 1641, 847
2823, 1651, 840, 1685, 824
2824, 1649, 828, 1666, 857
2825, 1649, 850, 1634, 867
2826, 1657, 862, 1680, 801
2827, 1632, 815, 1705, 848
2828, 1637, 837, 1672, 854
2829, 1630, 826, 1725, 819
2830, 1653, 860, 1643, 844
2831, 1668, 814, 1671, 847
2832, 1661, 813, 1659, 867
2833, 1660, 855, 1657, 828
2834, 1647, 851, 1627, 875
2835, 1657, 828, 1677, 838
2836, 1645, 820, 1700, 835
2837, 1651, 817, 1669, 863
2838, 1686, 800, 1678, 836
2839, 1639, 814, 1666, 881
2840, 1647, 858, 1672, 823
2841, 1638, 859, 1685, 818
2842, 1629, 847, 1698, 826
2843, 1680, 859, 1642, 819
2844, 1659, 851, 1652, 838
2845, 1653, 842, 1687, 818
2846, 1648, 866, 1650, 836
2847, 1666, 838, 1662, 834
2848, 1629, 825, 1692, 854
2849, 1649, 847, 1672, 832
2850, 1662, 821, 1671, 846
2851, 1661, 849, 1644, 846
2852, 1662, 792, 1666, 880
2853, 1641, 827, 1679, 853
2854, 1630, 821, 1689, 860
2855, 1665, 849, 1671, 815
2856, 1676, 858, 1638, 828
2857, 1651, 838, 1706, 805
2858, 1670, 810, 1695, 825
2859, 1685, 853, 1661, 801
2860, 1646, 819, 1674, 861
2861, 1676, 855, 1658, 811
2862, 1658, 865, 1643, 834
2863, 1660, 834, 1695, 811
2864, 1688, 842, 1664, 806
2865, 1646, 812, 1699, 843
2866, 1670, 819, 1656, 855
2867, 1633, 859, 1674, 834
2868, 1645, 847, 1696, 812
2869, 1641, 817, 1653, 889
2870, 1657, 797, 1697, 849
2871, 1656, 834, 1674, 836
2872, 1637, 824, 1670, 869
2873, 1670, 836, 1670, 824
2874, 1643, 880, 1649, 828
2875, 1650, 830, 1655, 865
2876, 1667, 844, 1673, 816
2877, 1665, 846, 1650, 839
2878, 1661, 812, 1674, 853
2879, 1655, 837, 1667, 841
2880, 1666, 823, 1686, 825
2881, 1663, 838, 1665, 834
2882, 1642, 829, 1629, 900
2883, 1661, 830, 1658, 851
2884, 1656, 832, 1682, 830
2885, 1662, 827, 1699, 812
2886, 1654, 834, 1648, 864
2887, 1690, 797, 1678, 835
2888, 2096, 314, 1447, 1143
2889, 1627, 862, 1684, 827
2890, 1656, 843, 1650, 851
2891, 1630, 820, 1695, 855
2892, 1631, 826, 1701, 842
2893, 1626, 814, 1709, 851
2894, 1681, 831, 1638, 850
2895, 1666, 872, 1643, 819
2896, 1646, 830, 1692, 832
2897, 1640, 838, 1705, 817
2898, 1657, 827, 1664, 852
2899, 1648, 899, 1668, 785
2900, 1674, 876, 1659, 791
2901, 1688, 860, 1641, 811
2902, 1623, 832, 1707, 838
2903, 1628, 850, 1677, 845
2904, 1651, 670, 1658, 1021
2905, 1645, 824, 1726, 805
2906, 1663, 878, 1650, 809
2907, 1646, 831, 1662, 861
2908, 1650, 824, 1673, 853
2909, 1644, 854, 1665, 837
2910, 1653, 832, 1669, 846
2911, 1661, 839, 1681, 819
2912, 1660, 829, 1694, 817
2913, 1668, 791, 1716, 825
2914, 1651, 875, 1687, 787
2915, 1634, 875, 1671, 820
2916, 823, 1710, 829, 1638
2917, 1634, 842, 1673, 851
2918, 1627, 822, 1716, 835
2919, 1686, 827, 1662, 825
2920, 1636, 810, 1694, 860
2921, 1653, 835, 1689, 823
2922, 1705, 804, 1643, 848
2923, 1647, 831, 1726, 796
2924, 1643, 839, 1680, 838
2925, 1650, 831, 1687, 832
2926, 1681, 874, 1615, 830
2927, 1682, 801, 1679, 838
2928, 1656, 822, 1663, 859
2929, 1686, 807, 1665, 842
2930, 1692, 849, 1628, 831
2931, 1635, 839, 1682, 844
2932, 1667, 851, 1680, 802
2933, 1664, 834, 1664, 838
2934, 1628, 861, 1650, 861
2935, 1643, 873, 1665, 819
2936, 1676, 823, 1678, 823
2937, 1628, 824, 1684, 864
2938, 1638, 876, 1687, 799
2939, 1668, 833, 1674, 825
2940, 1675, 834, 1651, 840
2941, 1667, 814, 1683, 836
2942, 1656, 851, 1651, 842
2943, 1640, 855, 1653, 852
2944, 1666, 837, 1672, 825
2945, 1688, 829, 1680, 803
2946, 1635, 845, 1679, 841
2947, 1674, 843, 1687, 796
2948, 1655, 851, 1675, 819
2949, 1641, 839, 1687, 833
2950, 1661, 859, 1651, 829
2951, 1664, 854, 1654, 828
2952, 1673, 811, 1682, 834
2953, 1608, 821, 1714, 857
2954, 1679, 837, 1675, 809
2955, 1616, 821, 1683, 880
2956, 1653, 839, 1693, 815
2957, 1675, 843, 1644, 838
2958, 1629, 878, 1647, 846
2959, 1650, 806, 1690, 854
2960, 1663, 851, 1686, 800
2961, 1665, 844, 1676, 815
2962, 1637, 858, 1661, 844
2963, 1661, 826, 1693, 820
2964, 1676, 835, 1639, 850
2965, 1651, 838, 1662, 849
2966, 1642, 811, 1654, 893
2967, 1668, 856, 1678, 798
2968, 1648, 861, 1650, 841
2969, 1646, 810, 1714, 830
2970, 1629, 828, 1694, 849
2971, 1638, 819, 1704, 839
2972, 1642, 824, 1645, 889
2973, 1644, 839, 1698, 819
2974, 1669, 810, 1696, 825
2975, 1651, 797, 1647, 905
2976, 1670, 819, 1679, 832
2977, 1618, 827, 1690, 865
2978, 1671, 843, 1636, 850
2979, 1677, 845, 1655, 823
2980, 1639, 818, 1698, 845
2981, 1680, 813, 1670, 837
2982, 1648, 823, 1663, 866
2983, 1658, 829, 1692, 821
2984, 1658, 857, 1650, 835
2985, 1645, 871, 1684, 800
2986, 1655, 826, 1692, 827
2987, 1644, 851, 1669, 836
2988, 1663, 841, 1687, 809
2989, 1634, 839, 1694, 833
2990, 1663, 809, 1703, 825
2991, 1632, 841, 1672, 855
2992, 1681, 877, 1631, 811
2993, 1651, 805, 1663, 881
2994, 1678, 836, 1651, 835
2995, 1650, 814, 1710, 826
2996, 1655, 867, 1657, 821
2997, 1657, 859, 1680, 804
2998, 1639, 795, 1689, 877
2999, 1646, 871, 1628, 855
3000, 1644, 838, 1654, 864
3001, 1662, 838, 1666, 834
3002, 1659, 835, 1637, 869
3003, 1654, 839, 1707, 800
3004, 1678, 800, 1707, 815
3005, 1655, 834, 1646, 865
3006, 1695, 808, 1650, 847
3007, 1633, 826, 1674, 867
3008, 1661, 820, 1670, 849
3009, 1670, 830, 1631, 869
3010, 1657, 836, 1681, 826
3011, 1667, 866, 1686, 781
3012, 1640, 831, 1695, 834
3013, 1650, 844, 1667, 839
3014, 1635, 822, 1713, 830
3015, 1682, 843, 1697, 778
3016, 1667, 809, 1661, 863
3017, 1661, 822, 1641, 876
3018, 1631, 775, 1708, 886
3019, 1663, 848, 1657, 832
3020, 1641, 851, 1689, 819
3021, 1656, 832, 1685, 827
3022, 1632, 815, 1712, 841
3023, 1654, 852, 1643, 851
3024, 1679, 836, 1668, 817
3025, 832, 1681, 826, 1661
3026, 1655, 851, 1688, 806
3027, 1643, 856, 1673, 828
3028, 1641, 845, 1706, 808
3029, 1664, 831, 1670, 835
3030, 1678, 846, 1653, 823
3031, 1673, 859, 1654, 814
3032, 1661, 843, 1667, 829
3033, 1650, 834, 1681, 835
3034, 1676, 830, 1681, 813
3035, 1674, 815, 1653, 858
3036, 1666, 830, 1674, 830
3037, 1646, 810, 1681, 863
3038, 1671, 831, 1659, 839
3039, 1660, 847, 1656, 837
3040, 1676, 811, 1681, 832
3041, 1637, 844, 1665, 854
3042, 2085, 321, 1449, 1145
3043, 1639, 858, 1660, 843
3044, 1646, 827, 1677, 850
3045, 1644, 836, 1689, 831
3046, 1681, 800, 1653, 866
3047, 1664, 846, 1653, 837
3048, 1650, 853, 1641, 856
3049, 1674, 803, 1691, 832
3050, 1677, 795, 1686, 842
3051, 1657, 820, 1664, 859
3052, 1666, 868, 1638, 828
3053, 1650, 867, 1683, 800
3054, 1648, 833, 1673, 846
3055, 1662, 809, 1681, 848
3056, 1659, 836, 1658, 847
3057, 1661, 837, 1665, 837
3058, 1664, 813, 1689, 834
3059, 1685, 827, 1666, 822
3060, 1639, 847, 1684, 830
3061, 1636, 818, 1744, 802
3062, 1649, 843, 1701, 807
3063, 1682, 836, 1667, 815
3064, 1642, 870, 1628, 860
3065, 1687, 826, 1680, 807
3066, 1642, 824, 1696, 838
3067, 1629, 852, 1702, 817
3068, 1669, 851, 1666, 814
3069, 1642, 844, 1660, 854
3070, 1636, 818, 1686, 860
3071, 1663, 836, 1692, 809
3072, 1656, 823, 1690, 831
3073, 1633, 839, 1692, 836
3074, 1657, 833, 1689, 821
3075, 1652, 804, 1685, 859
3076, 1663, 813, 1676, 848
3077, 1673, 832, 1677, 818
3078, 1662, 839, 1657, 842
3079, 1647, 837, 1693, 823
3080, 1684, 842, 1678, 796
3081, 1692, 825, 1650, 833
3082, 1644, 868, 1686, 802
3083, 1657, 789, 1704, 850
3084, 1672, 837, 1650, 841
3085, 1648, 834, 1678, 840
3086, 1635, 840, 1663, 862
3087, 1666, 815, 1680, 839
3088, 1649, 810, 1712, 829
3089, 1650, 848, 1705, 797
3090, 1687, 846, 1612, 855
3091, 1640, 850, 1661, 849
3092, 1659, 848, 1659, 834
3093, 1640, 870, 1624, 866
3094, 1641, 820, 1684, 855
3095, 1659, 842, 1656, 843
3096, 1654, 830, 1696, 820
3097, 1650, 805, 1692, 853
3098, 1650, 873, 1652, 825
3099, 1636, 844, 1634, 886
3100, 1663, 817, 1679, 841
3101, 1667, 851, 1655, 827
3102, 1679, 818, 1694, 809
3103, 1612, 858, 1676, 854
3104, 1684, 861, 1623, 832
3105, 1655, 811, 1707, 827
3106, 1637, 831, 1689, 843
3107, 1671, 865, 1645, 819
3108, 1665, 845, 1656, 834
3109, 1652, 853, 1667, 828
3110, 1666, 838, 1647, 849
3111, 1661, 836, 1696, 807
3112, 1668, 836, 1679, 817
3113, 1642, 818, 1716, 824
3114, 1645, 838, 1689, 828
3115, 1648, 820, 1673, 859
3116, 1651, 841, 1660, 848
3117, 1668, 839, 1630, 863
3118, 1640, 837, 1706, 817
3119, 1669, 826, 1649, 856
3120, 1655, 822, 1703, 820
3121, 1638, 854, 1706, 802
3122, 1665, 807, 1668, 860
3123, 1685, 820, 1687, 808
3124, 1669, 854, 1659, 818
3125, 1670, 844, 1659, 827
